1699540065.267903, 18
1699540066.697706, 26
1699540068.355599, 42
1699540069.678053, 51
1699540071.059772, 59
1699540072.449746, 75
1699540073.808045, 84
1699540075.199989, 92
1699540076.625974, 108
1699540078.020793, 116
1699540079.358122, 125
1699540080.727154, 137
1699540082.469862, 149
1699540083.897840, 159
1699540085.347188, 174
1699540086.771750, 182
1699540088.132174, 193
1699540089.515966, 207
1699540090.869552, 215
1699540092.225939, 223
1699540093.549037, 240
1699540094.955478, 248
1699540096.403775, 256
1699540097.746472, 273
1699540099.129592, 281
1699540100.549151, 289
1699540101.913990, 303
1699540103.272393, 314
1699540104.700008, 322
1699540106.070071, 331
1699540107.690882, 347
1699540109.062980, 355
1699540110.477149, 372
1699540111.841165, 380
1699540113.276096, 388
1699540114.656798, 404
1699540116.049386, 413
1699540117.424278, 421
1699540118.835215, 430
1699540120.196460, 446
1699540121.549588, 454
1699540122.982269, 463
1699540124.490603, 479
1699540125.890928, 487
1699540127.266897, 499
1699540128.648052, 511
1699540130.271906, 520
1699540131.680250, 536
1699540133.053574, 544
1699540134.407280, 553
1699540135.822074, 569
1699540137.358824, 577
1699540138.720083, 586
1699540140.039878, 602
1699540141.416757, 610
1699540142.798789, 618
1699540144.152582, 628
1699540145.526009, 643
1699540146.942993, 651
1699540148.377516, 662
1699540149.936769, 676
1699540151.338564, 684
1699540152.708905, 698
1699540154.136522, 709
1699540155.516716, 717
1699540156.890622, 728
1699540158.216405, 742
1699540159.599461, 750
1699540161.009298, 759
1699540162.441032, 775
1699540163.981590, 783
1699540165.548863, 799
1699540167.211296, 808
1699540169.048418, 824
1699540170.833572, 841
1699540172.728855, 852
1699540174.607666, 865
1699540176.965461, 884
1699540178.698999, 898
1699540180.710347, 915
1699540182.864313, 931
1699540184.317858, 941
1699540185.645756, 956
1699540186.968875, 964
1699540188.434900, 972
1699540189.829391, 989
1699540191.216963, 997
1699540192.596586, 1005
1699540194.036384, 1022
1699540195.461452, 1030
1699540196.823732, 1038
1699540198.238621, 1055
1699540199.680571, 1063
1699540200.972250, 1071
1699540202.326220, 1083
1699540203.876643, 1096
1699540205.318527, 1104
1699540206.777210, 1120
1699540208.210041, 1129
1699540209.593386, 1138
1699540211.236328, 1153
1699540212.632861, 1162
1699540213.970617, 1174
1699540215.350168, 1186
1699540216.851398, 1194
1699540218.251899, 1208
1699540219.617727, 1219
1699540221.022130, 1227
1699540222.463604, 1240
1699540223.932727, 1252
1699540225.363484, 1260
1699540226.787931, 1275
1699540228.307094, 1285
1699540229.796783, 1295
1699540231.207094, 1310
1699540232.567866, 1318
1699540234.146345, 1333
1699540235.577275, 1343
1699540236.951997, 1351
1699540238.400862, 1365
1699540239.994822, 1375
1699540241.369468, 1386
1699540242.782700, 1400
1699540244.217526, 1408
1699540245.630867, 1419
1699540247.057731, 1433
1699540248.469356, 1441
1699540249.840626, 1452
1699540251.404424, 1466
1699540252.738721, 1474
1699540254.185859, 1486
1699540255.552064, 1499
1699540257.144376, 1508
1699540258.502523, 1521
1699540259.926877, 1532
1699540261.350771, 1541
1699540262.931787, 1556
1699540264.303731, 1565
1699540265.686389, 1575
1699540267.101462, 1589
1699540268.531398, 1598
1699540270.015845, 1610
1699540271.371556, 1622
1699540272.806210, 1631
1699540274.565461, 1647
1699540275.994161, 1655
1699540277.365922, 1665
1699540278.734400, 1680
1699540280.192148, 1688
1699540281.561208, 1698
1699540282.978616, 1713
1699540284.368858, 1721
1699540285.812529, 1733
1699540287.416147, 1746
1699540288.822977, 1755
1699540290.157730, 1767
1699540291.755727, 1779
1699540293.100234, 1788
1699540294.542124, 1803
1699540295.949959, 1812
1699540297.428720, 1822
1699540298.811149, 1836
1699540300.246729, 1844
1699540301.592102, 1854
1699540303.182098, 1869
1699540304.545278, 1877
1699540305.860638, 1888
1699540307.280760, 1902
1699540308.967941, 1911
1699540310.385318, 1927
1699540311.730969, 1935
1699540313.097929, 1944
1699540314.736308, 1960
1699540316.147239, 1968
1699540317.548462, 1979
1699540318.934160, 1993
1699540320.515694, 2002
1699540321.929999, 2014
1699540323.294272, 2026
1699540324.820717, 2035
1699540326.387237, 2050
1699540327.772577, 2058
1699540329.160925, 2070
1699540330.557409, 2083
1699540331.900789, 2091
1699540333.277773, 2101
1699540334.640098, 2115
1699540336.115971, 2124
1699540337.561217, 2134
1699540338.978074, 2148
1699540340.416137, 2157
1699540341.793253, 2166
1699540343.185210, 2181
1699540344.607781, 2190
1699540345.987231, 2199
1699540347.392417, 2215
1699540348.949115, 2223
1699540350.326102, 2235
1699540351.696049, 2248
1699540353.074833, 2256
1699540354.501506, 2266
1699540355.940634, 2281
1699540357.358507, 2289
1699540358.792545, 2301
1699540360.749573, 2315
1699540362.214589, 2329
1699540363.577339, 2339
1699540364.956996, 2348
1699540366.457252, 2363
1699540367.797339, 2372
1699540369.115383, 2381
1699540370.497883, 2392
1699540371.933666, 2405
1699540373.323439, 2414
1699540374.742610, 2425
1699540376.116415, 2437
1699540377.514455, 2446
1699540378.938646, 2458
1699540380.361989, 2470
1699540381.762625, 2480
1699540383.161988, 2491
1699540384.586720, 2503
1699540385.985105, 2512
1699540387.385163, 2524
1699540388.760539, 2536
1699540390.174766, 2544
1699540391.536455, 2556
1699540392.895845, 2568
1699540394.244439, 2577
1699540395.564791, 2587
1699540396.966303, 2599
1699540398.371983, 2610
1699540399.888828, 2620
1699540401.287988, 2632
1699540402.644822, 2643
1699540404.054770, 2652
1699540405.391585, 2664
1699540406.811099, 2676
1699540408.173393, 2685
1699540409.533173, 2697
1699540410.899264, 2709
1699540412.273787, 2717
1699540413.628727, 2726
1699540415.001392, 2739
1699540416.390532, 2750
1699540417.757842, 2759
1699540419.146490, 2771
1699540420.558194, 2783
1699540421.919401, 2792
1699540423.325299, 2804
1699540424.676412, 2816
1699540426.026491, 2824
1699540427.465858, 2835
1699540428.793189, 2847
1699540430.251952, 2857
1699540431.685807, 2868
1699540433.061821, 2881
1699540434.449047, 2890
1699540435.815257, 2899
1699540437.119792, 2911
1699540438.486239, 2923
1699540439.873669, 2932
1699540441.528323, 2946
1699540442.960410, 2956
1699540444.283826, 2966
1699540445.617818, 2977
1699540447.180014, 2989
1699540448.559529, 3000
1699540449.959175, 3010
1699540451.353780, 3022
1699540452.832970, 3033
1699540454.235069, 3046
1699540455.606131, 3055
1699540456.989578, 3066
1699540458.493973, 3079
1699540459.911332, 3088
1699540461.341960, 3099
1699540462.791571, 3112
1699540464.220817, 3121
1699540465.590449, 3133
1699540466.973607, 3145
1699540468.346764, 3153
1699540469.981043, 3165
1699540471.364909, 3178
1699540472.782154, 3187
1699540474.143488, 3199
1699540475.498278, 3211
1699540476.858697, 3220
1699540478.219284, 3230
1699540479.614096, 3243
1699540481.049807, 3252
1699540482.483064, 3264
1699540483.823701, 3276
1699540485.157455, 3285
1699540486.466405, 3294
1699540487.897357, 3305
1699540489.208140, 3318
1699540490.589030, 3327
1699540491.921903, 3337
1699540493.323638, 3348
1699540494.700557, 3359
1699540496.053349, 3369
1699540497.384998, 3380
1699540498.934748, 3392
1699540500.392455, 3403
1699540501.765272, 3413
1699540503.315582, 3426
1699540505.094369, 3441
1699540506.467067, 3451
1699540507.895334, 3462
1699540509.316043, 3474
1699540510.699962, 3484
1699540512.155518, 3495
1699540513.492115, 3507
1699540514.908427, 3516
1699540516.253482, 3527
1699540517.639302, 3537
1699540519.033125, 3548
1699540520.547596, 3561
1699540521.943524, 3572
1699540523.405848, 3582
1699540524.821491, 3593
1699540526.215124, 3606
1699540527.588289, 3615
1699540529.079557, 3626
1699540530.460673, 3639
1699540531.804492, 3648
1699540533.205122, 3658
1699540534.658285, 3672
1699540536.055808, 3681
1699540537.456513, 3692
1699540539.039402, 3705
1699540540.448134, 3714
1699540541.917620, 3726
1699540543.301242, 3738
1699540544.803017, 3749
1699540546.361072, 3763
1699540547.830609, 3772
1699540549.213046, 3783
1699540550.841898, 3797
1699540552.285100, 3808
1699540553.717438, 3820
1699540555.137534, 3830
1699540556.622231, 3841
1699540557.975287, 3853
1699540559.378137, 3863
1699540560.795248, 3874
1699540562.386725, 3887
1699540563.795760, 3897
1699540565.123798, 3907
1699540566.526407, 3919
1699540568.106263, 3930
1699540569.657679, 3944
1699540571.109361, 3953
1699540572.516352, 3964
1699540573.876815, 3977
1699540575.300195, 3986
1699540576.633533, 3997
1699540577.970892, 4008
1699540579.701841, 4021
1699540581.095644, 4031
1699540582.531123, 4044
1699540583.923708, 4054
1699540585.305596, 4064
1699540586.673485, 4076
1699540588.053705, 4087
1699540589.332815, 4096
1699540590.822126, 4108
1699540592.171946, 4118
1699540593.661766, 4129
1699540595.116431, 4141
1699540596.771230, 4154
1699540598.267151, 4166
1699540599.706960, 4177
1699540601.127603, 4186
1699540602.507244, 4199
1699540603.856284, 4208
1699540605.271551, 4219
1699540606.603453, 4232
1699540607.952698, 4241
1699540609.325679, 4253
1699540610.661793, 4262
1699540612.100659, 4274
1699540613.519014, 4284
1699540614.947922, 4295
1699540616.336562, 4307
1699540617.649494, 4317
1699540619.031079, 4327
1699540620.849570, 4340
1699540622.246482, 4351
1699540623.630147, 4364
1699540624.966275, 4373
1699540626.655758, 4388
1699540628.161232, 4398
1699540629.609457, 4409
1699540631.019081, 4421
1699540632.349900, 4431
1699540633.752144, 4442
1699540635.103747, 4453
1699540636.569860, 4463
1699540638.011979, 4475
1699540639.332074, 4485
1699540640.729641, 4496
1699540642.099968, 4507
1699540643.462395, 4517
1699540644.945551, 4529
1699540646.409119, 4541
1699540648.012491, 4554
1699540650.053687, 4569
1699540651.416839, 4580
1699540652.795621, 4590
1699540654.422801, 4603
1699540655.869877, 4615
1699540657.284354, 4624
1699540658.825315, 4638
1699540660.256605, 4648
1699540661.611588, 4660
1699540663.416395, 4672
