1699014595.540292, 11
1699014596.854134, 20
1699014598.259316, 29
1699014599.698934, 38
1699014601.055444, 46
1699014602.452610, 56
1699014603.829081, 64
1699014605.317995, 74
1699014606.706272, 82
1699014608.051092, 91
1699014609.467791, 100
1699014610.836761, 109
1699014612.282274, 118
1699014613.649242, 126
1699014614.916756, 134
1699014616.268283, 143
1699014617.631444, 152
1699014619.066817, 161
1699014620.961619, 172
1699014622.901022, 185
1699014624.223829, 193
1699014625.576114, 201
1699014626.949701, 210
1699014628.630912, 221
1699014629.974663, 229
1699014631.292155, 238
1699014632.625919, 247
1699014634.259520, 257
1699014635.587134, 265
1699014636.889322, 273
1699014638.193075, 282
1699014639.451531, 289
1699014640.861447, 299
1699014642.168232, 307
1699014643.561696, 316
1699014645.008248, 325
1699014646.347889, 333
1699014647.677248, 342
1699014649.079676, 351
1699014650.420310, 360
1699014651.742375, 368
1699014652.994024, 376
1699014654.331118, 384
1699014655.708423, 392
1699014657.174736, 402
1699014658.538750, 411
1699014660.428175, 423
1699014661.783932, 431
1699014663.513027, 441
1699014664.910679, 450
1699014666.253257, 458
1699014667.609677, 467
1699014669.244787, 476
1699014670.629956, 486
1699014672.024292, 494
1699014673.359831, 503
1699014674.755497, 511
1699014676.069904, 520
1699014677.420226, 529
1699014678.800415, 537
1699014680.305810, 546
1699014681.583440, 554
1699014682.872895, 562
1699014684.239725, 571
1699014685.732128, 580
1699014687.066936, 589
1699014688.440793, 597
1699014689.857175, 606
1699014691.255994, 616
1699014692.611728, 625
1699014693.953010, 636
1699014695.362676, 645
1699014696.918933, 654
1699014698.353714, 664
1699014699.780383, 673
1699014701.284496, 683
1699014702.688634, 692
1699014704.047934, 700
1699014705.388712, 708
1699014706.753365, 717
1699014708.126123, 726
1699014709.446693, 734
1699014710.777949, 742
1699014712.121269, 752
1699014713.974946, 763
1699014715.458314, 773
1699014716.890904, 782
1699014718.223875, 790
1699014719.568868, 798
1699014720.927784, 808
1699014722.367125, 816
1699014723.726198, 826
1699014725.038973, 835
1699014726.389543, 843
1699014727.784310, 852
1699014729.133960, 860
1699014730.480851, 869
1699014732.009923, 879
1699014733.375126, 887
1699014734.705534, 895
1699014736.140889, 905
1699014737.591398, 912
1699014738.877340, 921
1699014740.220345, 931
1699014741.513429, 939
1699014742.818624, 947
1699014744.204449, 956
1699014745.630031, 965
1699014746.959663, 973
1699014748.414952, 983
1699014749.923935, 991
1699014751.501249, 1001
1699014753.087928, 1011
1699014754.676500, 1021
1699014756.325085, 1032
1699014757.974088, 1042
1699014759.466571, 1051
1699014761.081880, 1062
1699014762.749489, 1072
1699014764.279172, 1081
1699014765.824165, 1094
1699014767.267735, 1104
1699014768.891882, 1113
1699014770.274693, 1123
1699014771.687522, 1131
1699014773.130751, 1139
1699014774.765307, 1150
1699014776.327894, 1160
1699014777.728070, 1171
1699014779.155347, 1181
1699014780.985978, 1192
1699014782.387824, 1201
1699014784.018834, 1213
1699014785.377972, 1222
1699014787.039004, 1233
1699014788.464952, 1243
1699014789.842746, 1253
1699014791.262414, 1262
1699014792.632467, 1271
1699014793.978185, 1280
1699014795.451030, 1289
1699014796.806946, 1299
1699014798.164588, 1308
1699014799.543533, 1316
1699014801.105966, 1326
1699014926.686680, 2124
1699014928.136857, 2134
1699014929.474779, 2142
1699014930.894880, 2150
1699014932.249729, 2160
1699014933.649009, 2168
1699014934.996718, 2177
1699014936.415741, 2188
1699014937.837235, 2196
1699014939.452856, 2207
1699014940.801721, 2215
1699014942.174471, 2223
1699014943.657513, 2233
1699014945.245637, 2242
1699014946.587561, 2251
1699014947.939196, 2262
1699014949.297235, 2270
1699014951.050752, 2282
1699014952.398415, 2291
1699014953.791646, 2300
1699014955.120823, 2308
1699014956.590077, 2317
1699014957.953430, 2328
1699014959.337145, 2336
1699014960.695540, 2344
1699014962.147429, 2354
1699014963.499936, 2363
1699014964.847753, 2372
1699014966.279863, 2382
1699014967.633765, 2392
1699014969.128474, 2401
1699014970.421347, 2410
1699014971.760381, 2418
1699014973.333307, 2427
1699014974.687252, 2437
1699014976.023639, 2446
1699014977.622864, 2457
1699014979.048676, 2468
1699014980.441571, 2476
1699014981.858421, 2485
1699014983.268499, 2493
1699014984.669251, 2502
1699014986.187107, 2513
1699014987.575879, 2521
1699014988.935081, 2531
1699014990.323097, 2539
1699014991.697630, 2547
1699014993.021043, 2556
1699014994.400541, 2564
1699014995.761738, 2572
1699014997.218374, 2583
1699014998.540067, 2591
1699014999.937078, 2601
1699015001.340671, 2610
1699015002.717492, 2620
1699015004.097875, 2628
1699015005.421462, 2637
1699015006.821155, 2645
1699015008.163969, 2654
1699015009.724772, 2664
1699015011.095856, 2672
1699015012.429086, 2680
1699015013.816136, 2690
1699015015.320738, 2699
1699015016.694151, 2707
1699015018.086028, 2716
1699015019.495904, 2725
1699015020.947082, 2733
1699015022.250529, 2742
1699015023.649124, 2750
1699015025.080652, 2760
1699015026.522187, 2768
1699015027.892254, 2776
1699015029.266137, 2786
1699015030.689490, 2794
1699015032.148878, 2804
1699015033.554511, 2812
1699015034.881446, 2821
1699015036.251819, 2829
1699015038.051061, 2842
1699015039.402400, 2850
1699015040.789525, 2860
1699015042.175864, 2868
1699015044.219073, 2880
1699015046.144121, 2892
1699015047.524441, 2901
1699015048.945011, 2911
1699015050.336715, 2919
1699015051.710684, 2927
1699015053.195527, 2940
1699015054.666285, 2949
1699015056.096994, 2958
1699015057.577330, 2967
1699015059.057843, 2976
1699015060.460938, 2985
1699015061.898260, 2994
1699015063.247174, 3002
1699015064.578665, 3010
1699015065.988928, 3021
1699015067.516911, 3030
1699015069.422735, 3043
1699015070.869026, 3052
1699015072.352278, 3061
1699015073.732282, 3070
1699015075.079757, 3078
1699015076.426673, 3089
1699015077.827698, 3099
1699015079.178704, 3107
1699015080.471064, 3115
1699015081.785213, 3124
1699015083.276179, 3134
1699015084.676820, 3143
1699015086.068222, 3151
1699015087.521822, 3160
1699015088.915092, 3171
1699015090.279336, 3179
1699015091.694773, 3188
1699015093.094940, 3196
1699015094.624876, 3206
1699015095.975177, 3214
1699015097.393183, 3223
1699015098.730777, 3231
1699015100.091335, 3239
1699015101.527846, 3249
1699015102.864561, 3257
1699015104.284925, 3267
1699015105.769330, 3276
1699015107.163816, 3285
1699015108.550481, 3294
1699015109.928247, 3304
1699015111.382888, 3321
1699015112.745488, 3333
1699015114.104248, 3344
1699015115.510518, 3355
1699015116.906928, 3364
1699015118.270692, 3373
1699015119.668198, 3386
1699015121.188796, 3418
1699015123.315995, 3431
1699015124.813545, 3441
1699015126.176894, 3450
1699015127.540890, 3459
1699015128.862358, 3468
1699015130.215584, 3477
1699015131.531665, 3485
1699015132.963432, 3494
1699015134.431518, 3504
1699015135.817029, 3512
1699015137.284227, 3522
1699015138.695243, 3531
1699015140.119812, 3542
1699015141.577313, 3552
1699015142.949817, 3560
1699015144.306761, 3568
1699015145.670011, 3578
1699015147.097361, 3586
1699015148.427013, 3596
1699015149.846361, 3605
1699015151.555014, 3616
1699015152.978652, 3625
1699015154.403128, 3635
1699015155.760127, 3643
1699015157.119170, 3651
1699015158.543244, 3662
1699015159.943888, 3671
1699015161.383121, 3681
1699015162.891048, 3691
1699015164.448013, 3702
1699015165.948030, 3712
1699015167.333874, 3721
1699015168.912491, 3731
1699015170.372021, 3741
1699015171.859817, 3750
1699015173.292234, 3759
1699015174.656794, 3768
1699015176.004416, 3777
1699015177.516236, 3787
1699015178.897644, 3795
1699015180.324349, 3805
1699015181.733764, 3814
1699015183.267641, 3824
1699015184.650589, 3833
1699015187.057572, 3847
1699015188.493204, 3857
1699015189.828634, 3866
1699015191.239786, 3876
1699015192.592794, 3885
1699015193.964017, 3894
1699015195.366251, 3902
1699015196.798213, 3912
1699015198.423929, 3922
1699015200.257566, 3934
1699015202.621261, 3950
1699015204.073722, 3960
1699015205.466627, 3969
1699015206.915175, 3978
1699015208.334718, 3987
1699015209.960264, 3997
1699015211.362253, 4007
1699015212.864231, 4015
1699015214.247922, 4025
1699015215.911294, 4036
1699015217.277533, 4045
1699015218.692064, 4054
1699015220.147496, 4065
1699015221.545744, 4074
1699015222.923829, 4084
1699015224.292230, 4093
1699015225.669168, 4103
1699015227.507268, 4115
1699015229.029943, 4124
1699015230.378714, 4136
1699015231.714136, 4144
1699015233.084476, 4153
1699015234.440542, 4162
1699015235.916404, 4172
1699015237.296020, 4180
1699015238.719428, 4190
1699015240.085480, 4198
1699015241.522453, 4208
1699015242.877460, 4216
1699015244.628679, 4228
1699015246.072598, 4237
1699015247.551126, 4247
1699015248.932808, 4256
1699015250.451284, 4265
1699015252.356901, 4277
1699015253.866768, 4287
1699015255.245837, 4297
1699015256.708600, 4308
1699015258.826197, 4320
1699015260.217843, 4330
1699015261.802671, 4340
1699015263.188351, 4350
1699015264.621241, 4359
1699015266.204554, 4370
1699015267.697212, 4380
1699015269.143632, 4389
1699015270.557239, 4399
1699015271.984032, 4408
1699015273.387484, 4417
1699015274.865837, 4427
1699015276.302166, 4436
1699015277.858192, 4446
1699015279.248505, 4456
1699015280.634927, 4464
1699015281.993085, 4474
1699015283.861315, 4486
1699015285.276716, 4495
1699015286.732882, 4504
1699015288.173502, 4513
1699015289.592073, 4523
1699015291.378039, 4535
1699015292.850532, 4545
1699015294.296818, 4554
1699015295.845665, 4565
1699015297.384417, 4576
1699015298.821167, 4587
1699015300.203126, 4595
1699015301.948841, 4607
1699015303.363701, 4615
1699015304.776067, 4625
1699015306.181884, 4634
1699015307.805285, 4645
1699015309.243549, 4653
1699015310.815225, 4663
1699015312.252635, 4673
