1699370929.733745, 21
1699370931.147858, 45
1699370932.586525, 70
1699370933.973877, 94
1699370935.353507, 121
1699370936.703524, 142
1699370938.091772, 168
1699370939.459793, 193
1699370940.842410, 219
1699370942.212808, 241
1699370943.595765, 266
1699370944.976626, 291
1699370946.396005, 314
1699370947.772149, 339
1699370949.098333, 364
1699370950.497983, 388
1699370951.887818, 410
1699370953.287323, 435
1699370954.636897, 460
1699370955.995515, 485
1699370957.817195, 515
1699370959.477344, 545
1699370960.862606, 570
1699370962.276615, 593
1699370963.633957, 619
1699370965.015026, 643
1699370966.394616, 667
1699370967.796402, 691
1699370969.194792, 716
1699370970.769728, 745
1699370972.229245, 766
1699370973.563674, 792
1699370974.988800, 818
1699370976.331869, 839
1699370977.770224, 866
1699370979.126549, 890
1699370980.484345, 912
1699370981.964721, 937
1699370983.331944, 964
1699370984.731172, 988
1699370986.137928, 1013
1699370987.697054, 1043
1699370989.048811, 1067
1699370990.523735, 1094
1699370991.849611, 1116
1699370993.615889, 1148
1699370995.037120, 1172
1699370996.375738, 1196
1699370997.798694, 1220
1699370999.496465, 1250
1699371000.875968, 1276
1699371002.269412, 1299
1699371003.633387, 1321
1699371005.086441, 1345
1699371006.438548, 1373
1699371007.859757, 1396
1699371009.241328, 1422
1699371010.737788, 1448
1699371012.149372, 1474
1699371013.515622, 1499
1699371014.979487, 1524
1699371016.516767, 1554
1699371017.903889, 1578
1699371019.316480, 1602
1699371020.682487, 1627
1699371022.149554, 1655
1699371023.592704, 1679
1699371024.962433, 1700
1699371026.372680, 1726
1699371027.747008, 1752
1699371029.647822, 1787
1699371031.053711, 1809
1699371032.437316, 1835
1699371033.943563, 1864
1699371035.260764, 1886
1699371036.626069, 1913
1699371037.996123, 1936
1699371039.371501, 1961
1699371040.803863, 1986
1699371042.216384, 2012
1699371043.585632, 2039
1699371044.977487, 2061
1699371046.452936, 2087
1699371047.807785, 2113
1699371049.236899, 2139
1699371050.605349, 2161
1699371052.018790, 2188
1699371053.453620, 2212
1699371054.866051, 2237
1699371056.287369, 2262
1699371057.675783, 2286
1699371059.037475, 2311
1699371060.463570, 2334
1699371061.872909, 2358
1699371063.263703, 2385
1699371064.595688, 2408
1699371065.976105, 2432
1699371067.390982, 2457
1699371068.778044, 2483
1699371070.168111, 2506
1699371071.555935, 2530
1699371073.954229, 2571
1699371075.641497, 2604
1699371077.187620, 2630
1699371078.687901, 2659
1699371080.328479, 2686
1699371082.138338, 2719
1699371083.656811, 2743
1699371085.408354, 2776
1699371087.081144, 2805
1699371088.461543, 2831
1699371089.924217, 2855
1699371091.387209, 2881
1699371092.758036, 2908
1699371094.087375, 2931
1699371095.461515, 2956
1699371096.958580, 2984
1699371098.317499, 3009
1699371099.622683, 3032
1699371101.033373, 3057
1699371102.499479, 3083
1699371104.063381, 3110
1699371105.600428, 3137
1699371106.931992, 3158
1699371108.268295, 3184
1699371109.712667, 3210
1699371111.105765, 3235
1699371112.491801, 3258
1699371113.911187, 3283
1699371115.267268, 3309
1699371116.610883, 3332
1699371118.036246, 3356
1699371119.393254, 3382
1699371120.759588, 3408
1699371122.113573, 3430
1699371123.507989, 3457
1699371124.852392, 3480
1699371126.272102, 3503
1699371127.653571, 3530
1699371129.031695, 3555
1699371130.451709, 3579
1699371131.839812, 3601
1699371133.258885, 3625
1699371134.647759, 3651
1699371135.977087, 3672
1699371137.570875, 3705
1699371138.985056, 3730
1699371140.336351, 3754
1699371141.676453, 3778
1699371143.183090, 3804
1699371144.521517, 3829
1699371145.826936, 3849
1699371147.208135, 3875
1699371148.598915, 3899
1699371150.017678, 3925
1699371151.351006, 3948
1699371152.729309, 3972
1699371154.111338, 3995
1699371155.444611, 4022
1699371156.851423, 4044
1699371158.234056, 4070
1699371159.761533, 4097
1699371161.189271, 4122
1699371162.549006, 4145
1699371163.915520, 4169
1699371165.281683, 4193
1699371166.624855, 4215
1699371167.979285, 4241
1699371169.301501, 4264
1699371170.628921, 4288
1699371171.997424, 4311
1699371173.333965, 4334
1699371174.676796, 4359
1699371176.107189, 4383
1699371177.646407, 4409
1699371179.023633, 4437
1699371180.390825, 4463
1699371181.786616, 4485
1699371183.459939, 4510
1699371184.855212, 4540
1699371186.214920, 4563
1699371187.610756, 4590
1699371189.054111, 4615
1699371190.384236, 4638
1699371191.731393, 4661
1699371193.129493, 4685
1699371194.499829, 4709
1699371195.830116, 4735
1699371197.192037, 4758
1699371198.576373, 4779
1699371199.962080, 4805
1699371201.308254, 4830
1699371202.680629, 4854
1699371204.052162, 4877
1699371205.525191, 4903
1699371206.890664, 4929
1699371208.323216, 4955
1699371209.741717, 4980
1699371211.175279, 5003
1699371212.563814, 5029
1699371213.928611, 5054
1699371215.299695, 5077
1699371216.700059, 5101
1699371218.055879, 5125
1699371219.425052, 5152
1699371220.765842, 5175
1699371222.090288, 5197
1699371223.540183, 5221
1699371224.948888, 5248
1699371226.352950, 5272
1699371227.772699, 5297
1699371229.172321, 5323
1699371230.637405, 5348
1699371232.066725, 5373
1699371233.444260, 5396
1699371234.843553, 5422
1699371236.457382, 5451
1699371237.822827, 5475
1699371239.184014, 5499
1699371240.572858, 5522
1699371241.966809, 5548
1699371243.329181, 5571
1699371244.690243, 5595
1699371246.041342, 5620
1699371247.392572, 5644
1699371248.806056, 5668
1699371250.220338, 5693
1699371251.574929, 5715
1699371252.995994, 5742
1699371254.407411, 5770
1699371255.791414, 5794
1699371257.096364, 5816
1699371258.458667, 5844
1699371259.873800, 5866
1699371261.270668, 5891
1699371262.608248, 5917
1699371264.220854, 5944
1699371265.568393, 5969
1699371266.921844, 5991
1699371268.384465, 6018
1699371269.861996, 6047
1699371271.288208, 6070
1699371272.742617, 6093
1699371274.748262, 6128
1699371276.238985, 6156
1699371277.704262, 6182
1699371279.057761, 6203
1699371280.429351, 6229
1699371281.845990, 6255
1699371283.206905, 6280
1699371284.555543, 6300
1699371285.967930, 6326
1699371287.376443, 6353
1699371288.824202, 6377
1699371290.174751, 6401
1699371291.567386, 6427
1699371292.999527, 6451
1699371294.387111, 6475
1699371295.787365, 6500
1699371297.174664, 6526
1699371298.661152, 6554
1699371300.065184, 6577
1699371301.418824, 6602
1699371302.783612, 6625
1699371304.281114, 6649
1699371305.616652, 6674
1699371306.942544, 6696
1699371308.365407, 6721
1699371309.690246, 6747
1699371311.258883, 6775
1699371312.604843, 6796
1699371314.014559, 6823
1699371315.383187, 6846
1699371316.730415, 6871
1699371318.111762, 6896
1699371319.431263, 6918
1699371320.789236, 6942
1699371322.167973, 6967
1699371323.484576, 6989
1699371324.844270, 7015
1699371326.178709, 7039
1699371327.592211, 7060
1699371328.937469, 7086
1699371330.283739, 7113
1699371331.654654, 7136
1699371333.159313, 7161
1699371334.727153, 7190
1699371336.066741, 7216
1699371337.385928, 7237
1699371338.920362, 7264
1699371340.334651, 7289
1699371341.703772, 7316
1699371343.114111, 7338
1699371344.620314, 7365
1699371345.960232, 7390
1699371347.278332, 7415
1699371348.662838, 7438
1699371350.058193, 7462
1699371351.485242, 7488
1699371352.810321, 7510
1699371354.185286, 7534
1699371355.555855, 7560
1699371356.889625, 7584
1699371358.246369, 7606
1699371359.605616, 7630
1699371360.967441, 7654
1699371362.323469, 7678
1699371363.743503, 7705
1699371365.128423, 7731
1699371366.507988, 7753
1699371367.881021, 7777
1699371369.242584, 7802
1699371370.620903, 7827
1699371371.992671, 7851
1699371373.342423, 7874
1699371374.719902, 7902
1699371376.090451, 7925
1699371377.439709, 7947
1699371378.825396, 7973
1699371380.354959, 8000
1699371381.859219, 8025
1699371383.242835, 8049
1699371384.644707, 8075
1699371386.026987, 8100
1699371387.416574, 8122
1699371388.763821, 8146
1699371390.182140, 8170
1699371391.548680, 8196
1699371392.980296, 8222
1699371394.366142, 8245
1699371395.691816, 8270
1699371397.037788, 8291
1699371398.366856, 8315
1699371399.700173, 8340
1699371401.123657, 8365
1699371402.472418, 8389
1699371403.833260, 8411
1699371405.197508, 8438
1699371406.580696, 8463
1699371408.321820, 8491
1699371409.752129, 8517
1699371411.211374, 8544
1699371412.908184, 8571
1699371414.342909, 8597
1699371415.779152, 8623
1699371417.516093, 8654
1699371419.674871, 8695
1699371421.213610, 8721
1699371422.668538, 8749
1699371424.037986, 8772
1699371425.427668, 8796
1699371427.202566, 8830
1699371428.869061, 8857
1699371430.492679, 8884
1699371432.701444, 8924
1699371434.465699, 8956
1699371435.847543, 8980
1699371437.225230, 9003
1699371438.653153, 9028
1699371439.999073, 9054
1699371441.319464, 9075
1699371442.806825, 9102
1699371444.216281, 9127
1699371445.532141, 9152
1699371446.873582, 9175
1699371448.455585, 9201
1699371449.879344, 9226
1699371451.263703, 9251
1699371452.714714, 9275
1699371454.192959, 9302
1699371455.599800, 9329
1699371456.965462, 9354
1699371458.364404, 9378
1699371459.819572, 9402
1699371461.200222, 9426
1699371462.563954, 9451
1699371463.879915, 9475
1699371465.581270, 9505
1699371467.086510, 9532
1699371468.804731, 9565
1699371470.286351, 9593
1699371471.677498, 9616
1699371473.102800, 9639
1699371474.499495, 9663
1699371475.852188, 9688
1699371477.274979, 9713
1699371478.700155, 9736
1699371480.074844, 9760
1699371481.491312, 9785
1699371482.888350, 9811
1699371484.282249, 9833
1699371485.682408, 9859
1699371487.065227, 9884
1699371488.622356, 9909
1699371490.036418, 9936
1699371491.460872, 9960
1699371492.780861, 9983
1699371494.224280, 10008
1699371495.574311, 10032
1699371496.841371, 10056
1699371498.236389, 10078
1699371499.664800, 10104
1699371501.114363, 10131
1699371502.499117, 10157
1699371503.840939, 10181
1699371505.258308, 10207
1699371506.634353, 10231
1699371507.970161, 10255
1699371509.353151, 10281
1699371510.768469, 10306
1699371512.198800, 10330
1699371513.619879, 10354
1699371515.147148, 10382
1699371516.705193, 10408
1699371518.138992, 10434
1699371519.521674, 10457
1699371520.893565, 10484
1699371522.277595, 10507
1699371523.638964, 10531
1699371525.047692, 10559
1699371526.426086, 10582
1699371527.767559, 10605
1699371529.149760, 10629
1699371530.494403, 10655
1699371531.950740, 10680
1699371533.373415, 10704
1699371534.793084, 10731
1699371536.162147, 10756
1699371537.594986, 10781
1699371538.936186, 10804
1699371540.400473, 10830
1699371541.763493, 10855
1699371543.135312, 10878
1699371544.545411, 10900
1699371546.014269, 10926
1699371547.469730, 10953
1699371548.861816, 10978
1699371550.269320, 11003
1699371551.705353, 11029
1699371553.098423, 11056
1699371554.449558, 11082
1699371555.835498, 11104
1699371557.236183, 11129
1699371558.756809, 11159
1699371560.097455, 11181
1699371561.448542, 11204
1699371562.792179, 11229
1699371564.141654, 11253
1699371565.522917, 11279
1699371566.957101, 11303
1699371568.310529, 11326
1699371569.637787, 11351
1699371570.959733, 11375
1699371572.370652, 11399
1699371573.744263, 11424
1699371575.137706, 11448
1699371576.783312, 11479
1699371578.447999, 11508
1699371579.816657, 11532
1699371581.167051, 11557
1699371582.566958, 11581
1699371583.986950, 11605
1699371585.359634, 11630
1699371586.729818, 11652
1699371588.087230, 11677
1699371589.443820, 11704
1699371590.869810, 11727
1699371592.353314, 11753
1699371593.735067, 11778
1699371595.106714, 11800
1699371596.505844, 11827
1699371598.408922, 11857
1699371599.848090, 11884
1699371601.180871, 11908
1699371602.575126, 11932
1699371603.965736, 11956
1699371605.527769, 11985
1699371606.900357, 12008
1699371608.202867, 12033
1699371609.570258, 12057
1699371610.918651, 12080
1699371612.273544, 12107
1699371613.680656, 12131
1699371615.305521, 12158
1699371616.698945, 12183
1699371618.022471, 12208
1699371619.367421, 12232
1699371620.767524, 12256
1699371622.071574, 12280
1699371623.409146, 12300
1699371624.746478, 12324
1699371626.161898, 12350
1699371627.528575, 12373
1699371628.861299, 12397
1699371630.221350, 12422
1699371631.549155, 12444
1699371632.901882, 12468
1699371634.305524, 12492
1699371635.737856, 12520
1699371637.051583, 12543
1699371638.459745, 12566
1699371639.828620, 12590
1699371641.184039, 12615
1699371642.566233, 12638
1699371644.127803, 12664
1699371645.520323, 12691
1699371646.879173, 12713
1699371648.235116, 12737
1699371649.702561, 12764
1699371651.063572, 12786
1699371652.449465, 12810
1699371653.877471, 12834
1699371655.186101, 12859
1699371656.646641, 12884
1699371657.962680, 12906
1699371659.337996, 12931
1699371660.701456, 12954
1699371662.064028, 12981
1699371663.454214, 13002
1699371664.840302, 13028
1699371666.162477, 13055
1699371667.501130, 13073
1699371668.881841, 13102
1699371670.309982, 13126
1699371671.694868, 13149
1699371673.050612, 13171
1699371674.416202, 13197
1699371675.733552, 13219
1699371677.062042, 13244
1699371678.524482, 13268
1699371679.937299, 13293
1699371681.257328, 13317
1699371682.621763, 13342
1699371683.996153, 13365
1699371685.507541, 13392
1699371686.872054, 13415
1699371688.218958, 13439
1699371689.559464, 13464
1699371690.943877, 13489
1699371692.296954, 13514
1699371693.615796, 13536
1699371694.931381, 13559
1699371696.319941, 13582
1699371697.665927, 13607
1699371699.014381, 13628
1699371700.476098, 13654
1699371701.936508, 13679
1699371703.245578, 13705
1699371704.618840, 13728
1699371705.953008, 13752
1699371707.343880, 13778
1699371708.732433, 13799
1699371710.138079, 13824
1699371711.576786, 13849
1699371713.023871, 13873
1699371714.363275, 13899
1699371715.819271, 13924
1699371717.234723, 13950
1699371718.676114, 13976
1699371720.092325, 14002
1699371721.422118, 14024
1699371722.752529, 14049
1699371724.127591, 14074
1699371725.546746, 14099
1699371726.942811, 14122
1699371728.310339, 14149
1699371729.646140, 14172
1699371730.962704, 14195
1699371732.340183, 14221
1699371733.750145, 14244
1699371735.184355, 14270
1699371736.526944, 14293
1699371737.909985, 14318
1699371739.245023, 14342
1699371740.610614, 14363
1699371742.006705, 14390
1699371743.337666, 14415
1699371744.636769, 14438
1699371745.981250, 14460
1699371747.405982, 14484
1699371748.737659, 14510
1699371750.112528, 14535
1699371751.503745, 14559
1699371752.902778, 14583
1699371754.299610, 14607
1699371755.609294, 14629
1699371756.967418, 14653
1699371758.348811, 14678
1699371759.794784, 14703
1699371761.171738, 14725
1699371762.554384, 14752
1699371764.208430, 14781
1699371765.552942, 14802
1699371767.027016, 14830
1699371768.397015, 14854
1699371769.774956, 14877
1699371771.136974, 14900
1699371772.469487, 14926
1699371773.848492, 14950
1699371775.285999, 14976
1699371776.679369, 15000
1699371778.138657, 15027
1699371779.540840, 15050
1699371780.946260, 15076
1699371782.346250, 15100
1699371783.747272, 15124
1699371785.188617, 15150
1699371786.537722, 15173
1699371788.134771, 15203
1699371789.531810, 15227
1699371790.947724, 15253
1699371792.261030, 15278
1699371793.672565, 15300
1699371795.050352, 15326
1699371796.432213, 15350
1699371797.833410, 15375
1699371799.236930, 15399
1699371800.602322, 15425
1699371801.928882, 15448
1699371803.271655, 15473
1699371804.637473, 15495
1699371806.010930, 15521
1699371807.419402, 15546
1699371808.792343, 15570
1699371810.172873, 15594
1699371811.562263, 15618
1699371812.961801, 15643
1699371814.364673, 15669
1699371815.773079, 15692
1699371817.139455, 15717
1699371818.578195, 15743
1699371819.978459, 15768
1699371821.338515, 15791
1699371822.738613, 15816
1699371824.126340, 15839
1699371825.454794, 15864
1699371826.815828, 15889
1699371828.408096, 15917
1699371829.809583, 15940
1699371831.171523, 15964
1699371832.599025, 15991
1699371834.027010, 16017
1699371835.347698, 16042
1699371836.737195, 16065
1699371838.042009, 16088
1699371839.414090, 16111
1699371840.911495, 16137
1699371842.397325, 16164
1699371843.972589, 16190
1699371845.544013, 16222
1699371847.020508, 16246
1699371848.413002, 16272
1699371849.784371, 16297
1699371851.157157, 16323
1699371852.586047, 16346
1699371853.997104, 16373
1699371855.403522, 16397
1699371857.015523, 16426
1699371858.409868, 16451
1699371859.787344, 16473
1699371861.156535, 16498
1699371862.614798, 16523
1699371863.918106, 16545
1699371865.277119, 16570
1699371866.619643, 16596
1699371867.959975, 16620
1699371869.334243, 16644
1699371870.602901, 16668
1699371871.921769, 16691
1699371873.321050, 16716
1699371874.729359, 16742
1699371876.096417, 16765
1699371877.518620, 16790
1699371879.452044, 16825
1699371881.180261, 16854
1699371882.520913, 16880
1699371883.909955, 16904
1699371885.291028, 16926
1699371886.621820, 16951
1699371888.048415, 16974
1699371889.439147, 16999
1699371890.759875, 17025
1699371892.082478, 17049
1699371893.467560, 17072
1699371894.823147, 17096
1699371896.235911, 17121
1699371897.622994, 17145
1699371898.997561, 17171
1699371900.380655, 17193
1699371901.719344, 17220
1699371903.327886, 17251
1699371904.661433, 17273
1699371906.021541, 17296
1699371907.391508, 17322
1699371909.029727, 17351
1699371910.436247, 17377
1699371911.805818, 17400
1699371913.176470, 17422
1699371914.660489, 17449
1699371916.049803, 17474
1699371917.417304, 17500
1699371918.811124, 17523
1699371920.445189, 17552
1699371921.956193, 17580
1699371923.312799, 17605
1699371924.696032, 17630
1699371926.042667, 17654
1699371927.352478, 17676
1699371928.696606, 17699
1699371930.128970, 17726
1699371931.509380, 17746
1699371932.910564, 17773
1699371934.262747, 17795
1699371935.602973, 17821
1699371937.035605, 17844
1699371938.312837, 17868
1699371939.679251, 17893
1699371941.025318, 17916
1699371942.438941, 17941
1699371943.815465, 17967
1699371945.196505, 17990
1699371946.614168, 18015
1699371947.959144, 18038
1699371949.377161, 18064
1699371950.743805, 18088
1699371952.150075, 18112
1699371953.521193, 18137
1699371955.125519, 18167
1699371956.554361, 18193
1699371957.913934, 18216
1699371959.282405, 18240
1699371960.622040, 18264
1699371961.968707, 18286
1699371963.393435, 18310
1699371964.779534, 18336
1699371966.276397, 18361
1699371967.644911, 18387
1699371969.057605, 18411
1699371970.437196, 18434
1699371971.747115, 18458
1699371973.167807, 18485
1699371974.569348, 18508
1699371975.878143, 18534
1699371977.298295, 18558
1699371978.696452, 18579
1699371980.043522, 18606
1699371981.458588, 18630
1699371982.832026, 18656
1699371984.258337, 18677
1699371985.628802, 18703
1699371986.949002, 18726
1699371988.261059, 18750
1699371989.603143, 18771
1699371990.967040, 18796
1699371992.286203, 18818
1699371993.669004, 18843
1699371995.311802, 18872
1699371996.639916, 18893
1699371998.046301, 18919
1699371999.419047, 18945
1699372000.945152, 18969
1699372002.309922, 18995
1699372003.655119, 19020
1699372004.993825, 19043
1699372006.426892, 19066
1699372007.838353, 19096
1699372009.203648, 19121
1699372010.567109, 19143
1699372011.917066, 19168
1699372013.414081, 19195
1699372014.746267, 19219
1699372016.149045, 19243
1699372017.471315, 19268
1699372018.859116, 19292
1699372020.184306, 19317
1699372021.543565, 19342
1699372022.902970, 19364
1699372024.233151, 19387
1699372025.572202, 19415
1699372026.963544, 19438
1699372028.368091, 19462
1699372029.737389, 19488
1699372031.100892, 19510
1699372032.474730, 19535
1699372033.803742, 19561
1699372035.256256, 19583
1699372036.593019, 19608
1699372037.949568, 19632
1699372039.334663, 19653
1699372040.755531, 19680
1699372042.130508, 19703
1699372043.523937, 19731
1699372044.910269, 19756
1699372046.252649, 19781
1699372047.658403, 19805
1699372049.013945, 19830
1699372050.388846, 19853
1699372051.738175, 19879
1699372053.168372, 19904
1699372054.486960, 19926
1699372055.832489, 19949
1699372057.177386, 19972
1699372058.643533, 19998
1699372060.026670, 20021
1699372061.382881, 20043
1699372062.736769, 20069
1699372064.217737, 20092
1699372065.605770, 20118
1699372066.981781, 20144
1699372068.339173, 20169
1699372069.877754, 20192
1699372071.267291, 20221
1699372072.649188, 20248
1699372074.037955, 20270
1699372075.345761, 20296
1699372076.690093, 20318
1699372078.027086, 20344
1699372079.445054, 20364
1699372080.837524, 20390
1699372082.191063, 20416
1699372083.513566, 20437
1699372084.918119, 20464
1699372086.272813, 20488
1699372087.643165, 20513
1699372089.009904, 20537
1699372090.440953, 20563
1699372092.034712, 20590
1699372093.679033, 20619
1699372095.115733, 20644
1699372096.484339, 20670
1699372097.827573, 20692
1699372099.224438, 20718
1699372100.612186, 20741
1699372101.965971, 20765
1699372103.293796, 20788
1699372104.759799, 20814
1699372106.092163, 20838
