1699538561.068695, 8
1699538562.423617, 9
1699538564.032562, 10
1699538565.476720, 17
1699538566.827113, 18
1699538568.169956, 18
1699538569.493515, 26
1699538570.898140, 27
1699538572.335495, 27
1699538573.672650, 30
1699538575.162550, 35
1699538576.510846, 35
1699538577.885680, 38
1699538579.289670, 43
1699538580.692335, 43
1699538582.365410, 52
1699538583.769977, 53
1699538585.148756, 53
1699538586.564427, 59
1699538587.946448, 61
1699538589.310215, 62
1699538590.684678, 67
1699538592.039993, 69
1699538593.375617, 71
1699538594.744138, 73
1699538596.236545, 77
1699538597.663653, 79
1699538599.153347, 84
1699538600.533955, 86
1699538601.919156, 87
1699538603.343134, 94
1699538604.712502, 95
1699538606.082790, 98
1699538607.409066, 100
1699538608.762297, 104
1699538610.169754, 107
1699538611.594421, 107
1699538612.995815, 113
1699538614.395756, 117
1699538615.822568, 117
1699538617.360775, 121
1699538618.693215, 124
1699538620.089767, 125
1699538621.629283, 130
1699538623.081773, 132
1699538624.465634, 137
1699538625.794372, 139
1699538627.253866, 142
1699538628.628035, 144
1699538629.999708, 149
1699538631.381110, 151
1699538632.908777, 154
1699538634.283339, 158
1699538635.639031, 159
1699538636.991743, 162
1699538638.483925, 165
1699538639.850611, 167
1699538641.236163, 170
1699538642.663221, 174
1699538644.021671, 175
1699538645.447264, 178
1699538646.818513, 183
1699538648.144497, 184
1699538649.548007, 186
1699538650.955504, 191
1699538652.509961, 193
1699538653.839906, 196
1699538655.318150, 202
1699538656.739527, 202
1699538658.109158, 204
1699538659.458737, 210
1699538660.780977, 210
1699538662.171985, 210
1699538663.550447, 215
1699538665.012972, 219
1699538666.437664, 222
1699538667.959592, 227
1699538669.562663, 228
1699538670.885583, 230
1699538672.261663, 235
1699538673.662585, 236
1699538675.050976, 238
1699538676.621022, 243
1699538678.018343, 245
1699538679.374812, 248
1699538680.753733, 252
1699538682.095280, 253
1699538683.464848, 255
1699538684.857033, 259
1699538686.179631, 261
1699538687.497658, 263
1699538688.808155, 267
1699538690.234006, 270
1699538691.961771, 271
1699538693.342232, 276
1699538694.739842, 278
1699538696.356019, 282
1699538697.748614, 284
1699538699.137457, 285
1699538700.565231, 290
1699538702.048318, 292
1699538703.391219, 294
1699538705.253373, 299
1699538706.679495, 301
1699538707.993236, 303
1699538709.354637, 307
1699538710.734737, 308
1699538712.015148, 310
1699538713.590704, 315
1699538714.904788, 316
1699538716.225029, 317
1699538717.678306, 323
1699538719.120050, 324
1699538720.657545, 325
1699538722.030592, 329
1699538723.405409, 331
1699538725.127279, 335
1699538726.491455, 337
1699538727.825496, 339
1699538729.187242, 343
1699538730.686628, 345
1699538732.054875, 347
1699538733.506576, 351
1699538734.933526, 353
1699538736.370425, 354
1699538737.825283, 359
1699538739.204021, 361
1699538740.772535, 363
1699538742.252619, 367
1699538743.638620, 368
1699538745.030349, 371
1699538746.380983, 376
1699538747.749954, 377
1699538749.330889, 378
1699538750.669535, 384
1699538752.080957, 385
1699538753.390523, 386
1699538754.796576, 392
1699538756.159144, 393
1699538757.540958, 394
1699538758.998878, 397
1699538760.429756, 400
1699538761.985303, 402
1699538763.331430, 404
1699538764.694939, 409
1699538766.079577, 412
1699538767.464417, 413
1699538768.836592, 417
1699538770.235905, 420
1699538771.657772, 421
1699538773.048559, 424
1699538774.416134, 429
1699538775.747842, 429
1699538777.139533, 432
1699538778.511220, 437
1699538779.869759, 437
1699538781.220422, 440
1699538782.732037, 445
1699538784.214131, 445
1699538785.617417, 447
1699538787.032380, 452
1699538788.445910, 453
1699538789.799879, 455
1699538791.217997, 458
1699538792.601545, 461
1699538794.031877, 463
1699538795.385281, 467
1699538796.732588, 470
1699538798.130573, 472
1699538799.894207, 475
1699538801.302822, 480
1699538802.755335, 481
1699538804.222226, 485
1699538805.637364, 489
1699538806.968387, 490
1699538808.380793, 494
1699538809.822199, 495
1699538811.279758, 498
1699538812.633395, 502
1699538814.030578, 503
1699538815.415506, 507
1699538816.873866, 510
1699538818.242160, 510
1699538819.733640, 515
1699538821.072474, 518
1699538822.645577, 520
1699538824.065041, 524
1699538825.543653, 529
1699538827.020661, 529
1699538828.668498, 537
1699538830.091227, 540
1699538831.514598, 542
1699538833.013641, 547
1699538834.419201, 548
1699538835.796203, 550
1699538837.177433, 555
1699538838.579908, 556
1699538840.030372, 558
1699538841.404564, 563
1699538842.807101, 564
1699538844.754603, 567
1699538846.581852, 571
1699538847.901577, 575
1699538849.375109, 575
1699538850.820678, 580
1699538852.170661, 583
1699538853.797263, 586
1699538855.337514, 588
1699538856.680285, 591
1699538858.093656, 593
1699538859.576567, 598
1699538860.977887, 598
1699538862.387100, 602
1699538863.683121, 605
1699538865.049532, 608
1699538866.431597, 611
1699538867.922848, 613
1699538869.312855, 616
1699538870.632470, 618
1699538872.251657, 621
1699538873.665102, 625
1699538875.045214, 626
1699538876.367208, 629
1699538877.791010, 632
1699538879.159381, 636
1699538880.600647, 638
1699538882.015974, 640
1699538883.605560, 644
1699538885.151763, 646
1699538886.517789, 648
1699538887.869230, 652
1699538889.210700, 654
1699538890.574903, 655
1699538891.972235, 659
1699538893.468176, 662
1699538894.840378, 663
1699538896.296774, 668
1699538897.727589, 671
1699538899.095914, 673
1699538900.568560, 677
1699538901.954216, 680
1699538903.465516, 682
1699538904.832073, 684
1699538906.183688, 688
1699538907.562148, 690
1699538909.376926, 692
1699538910.747917, 695
1699538912.151706, 699
1699538913.991066, 702
1699538915.341821, 706
1699538916.735315, 707
1699538918.052143, 709
1699538919.420623, 714
1699538920.820593, 716
1699538922.177021, 716
1699538923.643791, 721
1699538925.123513, 724
1699538926.633288, 726
1699538928.014962, 732
1699538929.395500, 732
1699538930.762630, 733
1699538932.347792, 740
1699538933.777637, 740
1699538935.398263, 742
1699538936.783464, 746
1699538938.187240, 748
1699538939.761773, 750
1699538941.154871, 754
1699538942.581237, 756
1699538943.953558, 760
1699538945.319292, 764
1699538946.722371, 765
1699538948.139247, 768
1699538949.617071, 772
1699538951.050177, 774
1699538952.426757, 776
1699538953.800245, 781
1699538955.420667, 783
1699538956.751007, 784
1699538958.176173, 788
1699538959.531022, 789
1699538961.197303, 792
1699538962.555554, 795
1699538963.943566, 798
1699538965.671141, 801
1699538967.570884, 806
1699538969.071897, 808
1699538970.505062, 810
1699538971.852581, 814
1699538973.212036, 815
1699538974.829947, 817
1699538976.252419, 823
1699538977.697976, 823
1699538978.985509, 825
1699538980.375217, 831
1699538981.755195, 831
1699538983.181623, 833
1699538984.645564, 840
1699538986.057071, 840
1699538987.441496, 843
1699538988.818207, 847
1699538990.216859, 849
1699538991.615757, 851
1699538992.933719, 855
1699538994.284010, 857
1699538995.661697, 860
1699538996.984138, 864
1699538998.380868, 867
1699538999.816721, 867
1699539001.418482, 872
1699539002.786770, 875
1699539004.255144, 876
1699539005.618322, 879
1699539007.102685, 883
1699539008.520965, 884
1699539009.908339, 887
1699539011.353734, 891
1699539012.843293, 893
1699539014.198751, 895
1699539015.760841, 899
1699539017.269001, 902
1699539018.706429, 906
1699539020.091015, 908
1699539021.508733, 911
1699539022.968207, 914
1699539024.332436, 917
1699539025.631144, 919
1699539027.021337, 922
1699539028.441447, 926
1699539029.793793, 929
1699539031.331864, 931
1699539032.706524, 936
1699539034.148829, 936
1699539035.506979, 938
1699539036.928471, 942
1699539038.298961, 944
1699539039.628508, 948
1699539040.982250, 950
1699539042.374901, 956
1699539043.747096, 957
1699539045.138223, 959
1699539046.542427, 964
1699539047.886642, 966
1699539049.380252, 967
1699539050.822841, 972
1699539052.202789, 974
1699539053.641340, 975
1699539055.077328, 980
1699539056.534938, 982
1699539057.957832, 983
1699539059.291914, 987
1699539060.582967, 990
1699539061.945669, 992
1699539063.299142, 993
1699539064.911955, 1000
1699539066.368537, 1002
1699539067.745518, 1004
1699539069.097981, 1007
1699539070.879827, 1010
1699539072.317259, 1012
1699539073.754622, 1016
1699539075.060928, 1018
1699539076.410197, 1021
1699539077.778385, 1025
1699539079.166927, 1028
1699539080.567764, 1030
1699539082.144395, 1035
1699539083.530828, 1037
1699539084.862277, 1039
1699539086.318492, 1042
1699539087.914871, 1045
1699539089.281048, 1047
1699539090.767395, 1050
1699539092.163744, 1053
1699539093.545190, 1055
1699539095.007790, 1058
1699539096.406238, 1059
1699539097.918080, 1064
1699539099.438552, 1067
1699539100.790884, 1068
1699539102.141263, 1072
1699539103.753807, 1075
1699539105.268643, 1077
1699539106.619193, 1080
1699539108.001346, 1083
1699539109.478132, 1084
1699539110.915011, 1090
1699539112.384103, 1091
1699539113.801453, 1095
1699539115.275159, 1097
1699539116.678984, 1099
1699539118.111688, 1103
1699539119.573696, 1105
1699539120.918758, 1107
1699539122.600982, 1111
1699539123.988814, 1113
1699539125.393135, 1117
1699539126.768976, 1120
1699539128.176567, 1123
1699539129.624122, 1125
1699539130.996184, 1127
1699539132.347911, 1130
1699539133.990610, 1134
1699539135.391578, 1136
1699539136.763334, 1139
1699539138.162670, 1142
1699539139.656047, 1144
1699539141.027325, 1147
1699539142.420867, 1151
1699539143.775614, 1153
1699539145.221065, 1155
1699539146.838104, 1160
1699539148.569005, 1162
1699539150.006337, 1166
1699539151.347969, 1168
1699539152.735968, 1170
1699539154.112772, 1172
1699539155.443579, 1177
1699539156.768556, 1177
1699539158.092029, 1181
1699539159.436220, 1185
