1699027311.644284, 8
1699027313.070501, 13
1699027314.400399, 19
1699027316.097901, 26
1699027317.434401, 30
1699027318.817327, 36
1699027320.188047, 42
1699027321.802007, 48
1699027323.455011, 55
1699027324.870063, 60
1699027326.331424, 67
1699027327.666171, 73
1699027329.115488, 79
1699027330.494338, 84
1699027331.826322, 89
1699027333.415332, 96
1699027334.760867, 102
1699027336.158158, 108
1699027338.222984, 115
1699027339.675578, 121
1699027341.027783, 126
1699027342.445326, 132
1699027343.846603, 138
1699027345.222725, 143
1699027346.835375, 149
1699027348.257566, 155
1699027349.729379, 162
1699027351.096757, 168
1699027352.537350, 173
1699027353.891576, 177
1699027355.210671, 183
1699027356.537465, 189
1699027357.961430, 195
1699027359.391726, 200
1699027360.844682, 206
1699027362.309608, 213
1699027363.774717, 218
1699027365.269274, 224
1699027366.675863, 230
1699027368.127017, 235
1699027369.567456, 242
1699027370.934474, 247
1699027372.334123, 251
1699027373.744952, 257
1699027375.174594, 263
1699027376.593813, 269
1699027378.038895, 275
1699027379.411049, 279
1699027380.806960, 285
1699027382.237601, 293
1699027383.749803, 298
1699027385.147005, 304
1699027386.570798, 308
1699027388.122125, 314
1699027389.522984, 320
1699027390.906246, 326
1699027392.357790, 333
1699027393.755682, 338
1699027395.151009, 345
1699027396.542043, 350
1699027397.897056, 357
1699027399.304688, 362
1699027400.650371, 367
1699027402.290764, 374
1699027403.689471, 379
1699027405.091176, 384
1699027406.480420, 390
1699027408.051967, 397
1699027409.491283, 402
1699027410.881712, 407
1699027412.265465, 413
1699027413.750031, 419
1699027415.206447, 425
1699027417.296467, 432
1699027418.731756, 437
1699027420.118229, 443
1699027421.492766, 449
1699027422.836953, 454
1699027424.234277, 460
1699027425.639539, 465
1699027427.031045, 471
1699027428.388389, 477
1699027429.742981, 482
1699027431.076262, 488
1699027432.421220, 492
1699027433.780186, 498
1699027435.140876, 503
1699027436.644797, 509
1699027438.037010, 515
1699027439.492453, 521
1699027440.885565, 527
1699027442.327869, 532
1699027443.691708, 538
1699027445.015810, 544
1699027446.392787, 550
1699027447.826187, 556
1699027449.403286, 562
1699027450.825279, 567
1699027452.242346, 572
1699027453.664587, 578
1699027455.102906, 585
1699027456.562883, 590
1699027457.944338, 595
1699027459.330750, 601
1699027460.711722, 607
1699027462.349728, 613
1699027463.761954, 619
1699027465.163983, 625
1699027466.701831, 632
1699027468.063442, 638
1699027469.487213, 642
1699027470.796999, 647
1699027472.156579, 654
1699027473.513052, 660
1699027474.931957, 665
1699027476.338598, 671
1699027477.759853, 676
1699027479.166327, 680
1699027480.559583, 687
1699027481.938853, 692
1699027483.344236, 698
1699027484.759322, 705
1699027486.154987, 710
1699027487.846057, 717
1699027489.376696, 723
1699027490.857819, 729
1699027492.267435, 734
1699027493.668866, 739
1699027495.028954, 746
1699027496.412987, 751
1699027497.763912, 757
1699027499.129077, 762
1699027500.474243, 767
1699027501.861361, 772
1699027503.279572, 778
1699027504.654562, 784
1699027506.031205, 790
1699027507.445607, 795
1699027508.824060, 800
1699027510.283728, 806
1699027511.685642, 812
1699027513.070846, 817
1699027514.455838, 824
1699027515.879375, 829
1699027517.383255, 835
1699027518.731952, 841
1699027520.130046, 847
1699027521.858289, 854
1699027524.308473, 863
1699027526.418324, 874
1699027527.807862, 878
1699027529.163230, 884
1699027530.539675, 890
1699027531.887977, 894
1699027533.519762, 901
1699027534.967954, 908
1699027536.375648, 913
1699027537.750445, 919
1699027539.100035, 923
1699027540.447725, 929
1699027541.876562, 935
1699027543.205506, 941
1699027544.659605, 946
1699027546.220411, 951
1699027547.741714, 957
1699027549.113888, 962
1699027550.858754, 969
1699027552.627398, 977
1699027554.327163, 983
1699027555.671231, 989
1699027557.023922, 994
1699027558.419875, 1001
1699027559.816016, 1006
1699027561.214554, 1012
1699027562.594157, 1016
1699027563.948361, 1022
1699027565.345684, 1028
1699027566.720367, 1033
1699027568.157669, 1039
1699027569.611058, 1044
1699027570.991748, 1050
1699027572.354713, 1056
1699027573.714101, 1064
1699027575.096761, 1070
1699027576.464118, 1075
1699027577.810671, 1080
1699027579.112516, 1086
1699027580.687689, 1092
1699027582.097260, 1097
1699027583.868032, 1105
1699027585.224453, 1110
1699027586.613978, 1116
1699027587.981246, 1121
1699027589.381860, 1127
1699027590.753937, 1133
1699027592.224883, 1140
1699027593.534869, 1149
1699027594.901442, 1153
1699027596.259976, 1162
1699027597.618036, 1168
1699027599.152298, 1177
1699027600.540413, 1184
1699027601.899961, 1190
1699027603.264006, 1194
1699027604.640631, 1200
1699027606.027131, 1207
1699027607.463198, 1213
1699027608.783293, 1219
1699027610.174894, 1225
1699027611.554824, 1233
1699027612.918838, 1238
1699027614.299158, 1243
1699027615.665298, 1251
1699027617.038347, 1257
1699027618.371296, 1263
1699027619.735193, 1267
1699027621.179287, 1274
1699027622.518599, 1279
1699027623.860852, 1285
1699027625.243972, 1290
1699027626.838804, 1298
1699027628.212656, 1304
1699027629.658795, 1311
1699027631.179169, 1317
1699027632.532449, 1322
1699027633.904203, 1326
1699027635.357186, 1332
1699027636.741791, 1338
1699027638.208852, 1345
1699027639.595047, 1351
1699027640.966288, 1357
1699027642.322201, 1361
1699027643.752807, 1368
1699027645.359058, 1374
1699027646.752841, 1380
1699027648.111709, 1388
1699027649.855253, 1394
1699027651.245251, 1399
1699027652.681746, 1406
1699027654.063152, 1412
1699027655.559087, 1418
1699027656.897419, 1423
1699027658.310467, 1429
1699027659.698896, 1435
1699027661.293732, 1441
1699027662.682423, 1447
1699027664.159774, 1455
1699027665.506061, 1460
1699027666.972922, 1465
1699027668.359110, 1471
1699027669.699916, 1477
1699027671.092998, 1484
1699027672.528834, 1489
1699027673.948318, 1494
1699027675.259942, 1498
1699027676.661807, 1504
1699027678.106877, 1510
1699027679.539740, 1517
1699027680.830067, 1522
1699027682.224095, 1528
1699027683.614325, 1535
1699027685.006709, 1540
1699027686.409464, 1546
1699027687.802959, 1551
1699027689.315491, 1557
1699027691.053900, 1565
1699027692.426593, 1572
1699027693.779957, 1578
1699027695.182881, 1584
1699027696.699905, 1591
1699027698.230695, 1597
1699027699.663286, 1602
1699027701.027873, 1607
1699027702.481780, 1615
1699027703.899649, 1620
1699027705.248831, 1626
1699027706.623231, 1631
1699027708.029352, 1637
1699027709.487207, 1643
1699027710.813500, 1650
1699027712.195404, 1656
1699027713.714711, 1663
1699027715.147777, 1669
1699027716.557298, 1674
1699027717.990592, 1679
1699027719.328006, 1684
1699027720.770707, 1690
1699027722.259532, 1696
1699027723.642054, 1701
1699027725.098546, 1707
1699027726.480483, 1714
1699027727.880682, 1719
1699027729.357115, 1725
1699027730.713648, 1732
1699027732.031140, 1737
1699027733.374670, 1743
1699027734.741300, 1749
1699027736.428099, 1754
1699027737.793743, 1761
1699027739.114208, 1767
1699027740.794569, 1774
1699027742.156255, 1779
1699027743.528555, 1784
1699027744.899859, 1790
1699027746.248040, 1794
1699027747.835287, 1802
1699027749.192291, 1807
1699027750.657358, 1812
1699027752.004741, 1818
1699027753.605987, 1825
1699027754.948471, 1830
1699027756.351326, 1835
1699027757.746521, 1840
1699027759.281143, 1847
1699027760.656046, 1853
1699027762.000380, 1857
1699027763.383933, 1862
1699027765.161721, 1870
1699027766.564229, 1876
1699027767.974713, 1882
1699027769.397273, 1887
1699027770.765255, 1892
1699027772.160063, 1897
1699027773.546020, 1903
1699027774.948410, 1909
1699027776.539009, 1916
1699027777.963436, 1921
1699027779.302271, 1927
1699027780.730628, 1933
1699027782.402677, 1940
1699027783.876446, 1946
1699027785.235425, 1951
1699027786.624234, 1955
1699027788.036618, 1962
1699027789.479668, 1968
1699027790.873979, 1974
1699027792.253416, 1979
1699027793.858673, 1985
1699027795.219403, 1990
1699027796.680037, 1996
1699027798.029124, 2002
1699027799.422505, 2007
1699027800.820833, 2013
1699027802.177203, 2019
1699027803.652442, 2025
1699027805.120787, 2031
1699027806.533286, 2036
1699027807.959486, 2042
1699027809.276742, 2048
1699027810.585700, 2052
1699027812.461274, 2060
1699027813.841882, 2065
1699027815.209290, 2071
1699027816.819399, 2077
1699027818.174537, 2083
1699027819.875560, 2089
1699027821.289891, 2095
1699027822.704745, 2101
1699027824.132950, 2107
1699027825.593536, 2114
1699027827.427057, 2119
1699027828.930619, 2126
1699027830.340670, 2133
1699027831.796657, 2138
1699027833.157495, 2143
1699027834.529341, 2149
1699027835.948525, 2155
1699027837.305995, 2161
1699027838.672895, 2167
1699027840.054173, 2172
1699027841.416802, 2178
1699027842.797935, 2183
1699027844.212633, 2190
1699027845.643289, 2196
1699027847.046933, 2202
1699027848.462381, 2207
1699027849.810536, 2213
1699027851.516608, 2221
1699027853.155971, 2226
1699027854.605165, 2233
1699027855.935042, 2238
1699027857.248217, 2243
1699027858.630212, 2249
1699027860.026234, 2254
1699027861.383034, 2259
1699027862.828326, 2264
1699027864.224622, 2270
1699027865.645251, 2276
1699027867.003160, 2282
1699027868.579055, 2288
1699027869.966176, 2294
1699027871.320439, 2300
1699027872.652538, 2305
1699027874.496428, 2313
1699027875.900387, 2318
1699027877.386323, 2324
1699027878.790796, 2329
1699027880.588816, 2337
1699027881.998417, 2342
1699027883.367944, 2349
1699027884.792165, 2355
1699027886.207644, 2360
1699027887.711105, 2367
1699027889.118233, 2373
1699027890.574052, 2379
1699027891.956933, 2385
1699027893.327939, 2389
1699027894.743328, 2395
1699027896.148803, 2401
1699027897.572902, 2408
1699027898.969749, 2413
1699027900.437110, 2419
1699027901.949863, 2425
1699027903.314528, 2431
1699027904.729580, 2438
1699027906.157969, 2443
1699027907.514150, 2450
1699027908.887330, 2456
1699027910.251429, 2462
1699027911.806324, 2467
1699027913.202392, 2472
1699027914.804192, 2478
1699027916.171734, 2484
1699027917.540496, 2490
1699027918.966879, 2496
1699027920.369853, 2502
1699027921.705292, 2508
1699027923.103113, 2512
1699027924.505795, 2517
1699027926.047007, 2523
1699027927.432255, 2528
1699027928.764545, 2534
1699027930.128168, 2539
1699027931.714522, 2545
1699027933.132562, 2552
1699027934.522556, 2559
1699027935.929378, 2565
1699027937.367383, 2570
1699027938.786256, 2576
1699027940.167909, 2581
1699027941.532473, 2587
1699027942.968809, 2595
1699027944.529009, 2601
1699027945.966122, 2607
1699027947.853528, 2615
1699027949.305021, 2621
1699027950.591890, 2626
1699027951.944356, 2632
1699027953.314202, 2638
1699027954.920686, 2644
1699027956.328650, 2650
1699027957.713492, 2655
1699027959.162313, 2661
1699027960.599954, 2667
1699027961.967922, 2672
1699027963.324972, 2679
1699027964.722138, 2685
1699027966.352579, 2691
1699027967.688954, 2696
1699027969.070510, 2703
1699027970.513262, 2709
1699027972.042949, 2714
1699027973.510912, 2721
1699027974.994924, 2726
1699027976.434382, 2732
1699027977.997383, 2739
1699027979.382359, 2743
1699027981.181626, 2750
1699027982.787117, 2757
1699027984.291962, 2765
1699027985.659599, 2769
1699027986.997887, 2774
1699027988.402525, 2780
1699027989.805216, 2786
1699027991.176381, 2791
1699027992.632056, 2797
1699027993.991594, 2804
1699027995.407553, 2809
1699027996.813257, 2815
1699027998.160820, 2821
1699027999.603245, 2826
1699028001.220444, 2832
1699028002.632792, 2838
1699028004.185327, 2843
1699028005.590731, 2849
1699028006.963737, 2856
1699028008.362350, 2862
1699028009.764316, 2869
1699028011.155936, 2875
1699028012.639865, 2881
1699028014.016170, 2886
1699028015.389070, 2894
1699028016.803171, 2898
1699028018.241797, 2904
1699028019.693418, 2909
1699028021.079304, 2916
1699028022.436636, 2921
1699028024.023746, 2928
1699028025.481702, 2934
1699028026.864907, 2940
1699028028.257808, 2945
1699028029.688937, 2951
1699028031.076437, 2957
1699028032.480116, 2965
1699028033.937457, 2972
1699028035.443412, 2977
1699028036.796858, 2982
1699028038.182460, 2988
1699028039.632059, 2994
1699028041.241021, 3001
1699028042.641235, 3007
1699028044.050458, 3012
1699028045.478886, 3019
1699028046.982537, 3026
1699028048.272425, 3034
1699028049.725320, 3040
1699028051.116270, 3045
1699028052.553848, 3050
1699028053.957405, 3055
1699028055.321665, 3061
1699028056.690639, 3067
1699028058.086525, 3073
1699028059.696268, 3080
1699028061.088826, 3086
1699028062.584915, 3095
1699028063.987808, 3100
1699028065.369594, 3109
1699028066.762196, 3114
1699028068.127031, 3121
1699028069.515234, 3127
1699028070.943316, 3133
1699028072.372772, 3138
1699028073.887658, 3144
1699028075.281896, 3150
1699028076.641526, 3157
1699028078.025251, 3162
1699028079.401501, 3167
1699028080.865877, 3174
1699028082.233750, 3179
1699028083.599931, 3184
1699028084.994174, 3190
1699028086.600094, 3197
1699028088.045626, 3203
1699028089.466875, 3209
1699028090.845737, 3215
1699028092.229659, 3220
1699028093.567970, 3225
1699028094.964900, 3232
1699028096.351646, 3237
1699028097.760822, 3246
1699028099.172322, 3252
1699028100.663655, 3258
1699028102.149899, 3262
1699028104.284656, 3271
1699028105.899006, 3279
1699028107.230448, 3284
1699028108.628286, 3291
1699028110.034965, 3296
1699028111.440950, 3302
1699028112.788656, 3308
1699028114.130416, 3312
1699028115.613321, 3319
1699028117.137441, 3325
1699028118.521643, 3331
1699028120.036514, 3336
1699028121.410820, 3342
1699028122.886081, 3349
1699028124.233724, 3355
1699028125.726283, 3363
1699028127.071646, 3368
1699028129.933883, 3380
1699028131.442303, 3387
1699028132.911018, 3393
1699028134.597225, 3400
1699028136.028456, 3406
1699028137.467191, 3414
1699028138.828658, 3418
1699028140.423610, 3424
1699028141.818792, 3430
1699028143.186756, 3435
1699028144.769483, 3442
1699028146.103040, 3449
1699028147.452583, 3456
1699028148.863155, 3462
1699028150.421132, 3467
1699028151.861438, 3474
1699028153.237818, 3479
1699028154.660358, 3484
1699028156.078113, 3489
1699028157.602511, 3497
1699028158.998621, 3502
1699028160.438665, 3508
1699028161.960480, 3514
1699028163.343953, 3520
1699028164.755566, 3527
1699028166.147573, 3535
1699028167.637367, 3541
1699028169.027647, 3547
1699028170.419475, 3553
1699028171.754984, 3559
1699028173.227172, 3566
1699028174.681215, 3571
1699028176.036056, 3578
1699028177.464377, 3585
1699028178.843491, 3591
1699028180.219702, 3598
1699028181.671302, 3605
1699028183.063925, 3611
1699028184.487816, 3620
1699028186.017387, 3626
1699028187.455449, 3632
1699028188.823128, 3638
1699028190.276284, 3644
1699028191.747074, 3655
1699028193.080381, 3662
1699028194.476034, 3668
1699028195.925497, 3675
1699028197.325202, 3683
1699028198.739760, 3689
1699028200.132606, 3695
1699028201.500271, 3704
1699028202.879275, 3709
1699028204.692253, 3717
1699028206.187913, 3725
1699028207.579786, 3733
1699028209.017242, 3741
1699028210.387912, 3746
1699028211.688531, 3752
1699028213.017565, 3757
1699028214.354214, 3762
1699028215.732829, 3767
1699028217.077774, 3773
1699028218.467864, 3780
1699028219.851238, 3785
1699028221.231483, 3791
1699028222.576761, 3795
1699028223.985178, 3801
1699028225.459321, 3807
1699028226.836367, 3813
1699028228.274508, 3818
1699028229.672484, 3824
1699028231.137613, 3831
1699028232.491747, 3837
1699028233.865764, 3843
1699028235.204241, 3847
1699028236.720490, 3852
1699028238.266468, 3861
1699028239.729707, 3867
1699028241.132488, 3874
1699028242.603176, 3880
1699028243.962240, 3885
1699028245.314134, 3889
1699028246.753416, 3896
1699028248.097627, 3902
1699028249.523270, 3908
1699028250.982652, 3917
1699028252.374521, 3923
1699028253.720183, 3928
1699028255.113961, 3934
1699028256.452071, 3938
1699028257.782245, 3944
1699028259.160915, 3950
1699028260.531306, 3955
1699028261.933132, 3961
1699028263.375304, 3967
1699028264.765583, 3971
1699028266.201793, 3977
1699028267.616333, 3984
1699028268.997456, 3990
1699028270.479927, 3996
1699028271.856880, 4002
1699028273.270379, 4009
1699028274.662951, 4016
1699028276.081897, 4022
1699028277.457748, 4026
1699028278.839932, 4033
1699028280.193899, 4039
1699028281.594435, 4042
1699028283.139062, 4048
1699028284.483717, 4056
1699028285.826961, 4062
1699028287.224374, 4068
1699028288.969178, 4075
1699028290.376827, 4081
1699028291.760198, 4085
1699028293.143479, 4091
1699028294.491087, 4096
1699028295.884349, 4101
1699028297.257282, 4109
1699028298.630929, 4114
1699028300.038444, 4119
1699028301.582242, 4126
1699028302.933652, 4132
1699028304.345393, 4138
1699028305.933775, 4144
1699028307.389142, 4150
1699028308.775184, 4155
1699028310.203160, 4161
1699028311.740626, 4168
1699028313.169429, 4174
1699028314.535104, 4178
1699028315.899647, 4184
1699028317.295713, 4190
1699028318.695844, 4196
1699028320.084345, 4201
1699028321.461997, 4208
1699028323.125751, 4214
1699028324.731028, 4222
1699028326.157091, 4227
1699028327.554980, 4233
1699028329.037681, 4239
1699028330.426246, 4245
1699028331.865493, 4250
1699028333.210143, 4257
1699028334.782938, 4263
1699028336.187158, 4269
1699028337.619872, 4276
1699028339.070049, 4281
1699028340.585628, 4288
1699028342.006037, 4293
1699028343.520233, 4300
1699028344.861823, 4305
1699028346.338144, 4311
1699028347.762990, 4317
1699028349.202260, 4323
1699028350.528537, 4329
1699028352.060460, 4336
1699028353.406101, 4341
1699028354.861656, 4347
1699028356.226863, 4352
1699028357.819961, 4358
1699028359.277821, 4364
1699028360.685526, 4370
1699028362.132335, 4375
1699028363.621128, 4382
1699028365.067709, 4388
1699028366.449795, 4394
1699028367.870975, 4400
1699028369.436572, 4408
1699028370.851347, 4414
1699028372.251363, 4420
1699028373.638901, 4425
1699028375.186985, 4431
1699028376.550077, 4436
1699028377.949569, 4442
1699028379.486318, 4448
1699028381.095071, 4455
1699028382.423215, 4462
1699028383.846964, 4469
1699028385.281698, 4475
1699028386.727320, 4482
1699028388.091711, 4488
1699028389.422364, 4494
1699028390.846715, 4499
1699028392.931084, 4508
1699028394.284592, 4513
1699028395.765115, 4519
1699028397.116402, 4524
1699028398.478167, 4529
1699028399.891798, 4535
1699028401.280416, 4541
1699028402.719035, 4547
1699028404.090724, 4552
1699028405.523647, 4558
1699028406.933963, 4563
1699028408.385409, 4569
1699028409.748695, 4576
1699028411.093643, 4581
1699028412.461892, 4587
1699028413.964193, 4593
1699028415.610882, 4601
1699028417.056263, 4606
1699028418.482413, 4613
1699028419.840572, 4619
1699028421.566373, 4625
1699028422.907010, 4630
1699028424.252032, 4636
1699028425.642655, 4642
1699028427.070472, 4647
1699028428.440063, 4653
1699028429.935694, 4658
1699028433.371379, 4672
1699028435.524748, 4681
1699028437.013017, 4689
1699028438.801728, 4696
1699028440.194118, 4702
1699028441.592182, 4707
1699028442.967163, 4713
1699028444.334122, 4719
1699028445.714275, 4726
1699028447.130321, 4732
1699028448.552732, 4737
1699028449.956295, 4744
1699028451.392458, 4750
1699028452.766107, 4755
1699028454.225982, 4761
1699028455.859962, 4770
1699028457.261911, 4775
1699028458.628240, 4781
1699028459.975508, 4787
1699028461.583467, 4793
1699028463.008413, 4799
1699028464.395577, 4805
1699028465.881613, 4810
