1699531730.626467, 32
1699531731.974871, 64
1699531733.357746, 88
1699531734.821540, 120
1699531736.184257, 144
1699531737.758192, 176
1699531739.245514, 205
1699531740.588664, 232
1699531742.123949, 262
1699531743.609146, 291
1699531744.929544, 318
1699531746.300679, 344
1699531747.729557, 373
1699531749.320379, 404
1699531750.667812, 431
1699531752.036116, 457
1699531753.482213, 485
1699531754.908221, 513
1699531756.323783, 541
1699531757.755806, 569
1699531759.153936, 599
1699531760.537540, 625
1699531761.954394, 653
1699531763.389353, 681
1699531764.788356, 709
1699531766.212427, 738
1699531767.613992, 765
1699531768.923803, 791
1699531770.262818, 817
1699531771.775017, 846
1699531773.192466, 876
1699531774.595638, 902
1699531775.973445, 930
1699531777.352712, 958
1699531778.781945, 986
1699531780.176332, 1013
1699531781.561883, 1042
1699531782.955037, 1069
1699531784.301723, 1095
1699531785.653436, 1122
1699531787.001671, 1148
1699531788.307740, 1175
1699531789.673440, 1202
1699531791.063633, 1228
1699531792.423928, 1256
1699531793.787412, 1284
1699531795.090000, 1308
1699531796.429201, 1334
1699531797.757094, 1361
1699531799.143501, 1389
1699531800.765953, 1422
1699531802.114275, 1449
1699531803.420616, 1474
1699531804.816079, 1502
1699531806.236197, 1529
1699531807.790311, 1561
1699531809.179227, 1587
1699531810.587059, 1617
1699531811.978797, 1644
1699531813.637428, 1677
1699531815.011292, 1703
1699531816.439205, 1730
1699531817.880529, 1759
1699531819.309144, 1787
1699531820.714556, 1816
1699531822.110574, 1843
1699531823.586193, 1872
1699531825.003148, 1901
1699531826.410172, 1928
1699531827.763062, 1954
1699531829.122398, 1983
1699531830.479482, 2009
1699531831.868536, 2035
1699531833.330513, 2065
1699531835.207374, 2103
1699531836.760599, 2133
1699531838.156809, 2162
1699531839.532241, 2188
1699531840.979672, 2215
1699531842.420482, 2244
1699531843.852276, 2272
1699531845.220335, 2300
1699531846.840929, 2332
1699531848.210326, 2360
1699531849.567983, 2387
1699531850.945013, 2412
1699531852.389129, 2443
1699531853.791337, 2470
1699531855.233883, 2498
1699531856.619732, 2525
1699531857.942079, 2553
1699531859.363772, 2579
1699531860.776673, 2607
1699531862.155272, 2635
1699531863.509619, 2662
1699531865.277233, 2697
1699531866.794495, 2727
1699531868.259115, 2756
1699531869.856316, 2789
1699531871.350992, 2815
1699531873.397608, 2856
1699531875.076346, 2891
1699531876.510058, 2918
1699531877.933418, 2948
1699531879.509315, 2979
1699531880.872040, 3005
1699531882.673220, 3041
1699531884.357311, 3075
1699531886.047433, 3108
1699531887.478985, 3133
1699531889.004331, 3165
1699531891.362178, 3213
1699531893.874206, 3262
1699531895.482912, 3294
1699531897.102071, 3326
1699531898.684520, 3358
1699531900.277214, 3389
1699531902.186822, 3424
1699531904.234789, 3466
1699531906.282632, 3508
1699531907.945796, 3540
1699531909.635990, 3574
1699531911.196289, 3605
1699531913.098228, 3641
1699531914.831348, 3677
1699531917.146431, 3720
1699531919.496356, 3768
1699531921.777758, 3814
1699531923.781268, 3853
1699531925.745642, 3891
1699531929.088202, 3955
1699531932.362141, 4022
1699531933.917053, 4053
1699531935.571196, 4086
1699531937.457330, 4123
1699531939.431566, 4161
1699531941.189564, 4197
1699531943.033718, 4234
1699531944.754274, 4267
1699531946.400726, 4299
1699531947.784622, 4328
1699531949.151942, 4354
1699531950.611297, 4385
1699531951.995730, 4410
1699531953.380678, 4437
1699531954.804017, 4466
1699531956.420287, 4498
1699531957.819746, 4524
1699531959.176959, 4554
1699531960.556555, 4579
1699531962.071752, 4611
1699531963.515886, 4637
1699531964.922195, 4666
1699531966.276860, 4693
1699531967.928661, 4725
1699531969.294889, 4754
1699531970.699166, 4780
1699531972.046564, 4808
1699531973.627234, 4837
1699531975.093466, 4867
1699531976.472738, 4893
1699531977.871584, 4923
1699531979.313021, 4948
1699531980.684825, 4979
1699531982.079964, 5004
1699531983.500128, 5035
1699531984.970303, 5062
1699531986.381804, 5091
1699531987.728992, 5116
1699531989.134461, 5146
1699531990.553698, 5173
1699531991.943918, 5201
1699531993.534612, 5232
1699531994.852147, 5258
1699531996.257794, 5286
1699531997.702433, 5314
1699531999.084946, 5343
1699532000.460634, 5367
1699532001.840942, 5397
1699532003.256442, 5423
1699532004.663679, 5452
1699532006.080736, 5479
1699532007.437698, 5508
1699532008.825480, 5534
1699532010.167445, 5558
1699532011.600672, 5590
1699532013.015757, 5615
1699532014.448171, 5646
1699532015.804293, 5671
1699532017.394765, 5702
1699532018.747982, 5730
1699532020.115434, 5758
1699532021.629623, 5786
1699532022.977623, 5815
1699532024.375335, 5840
1699532025.750536, 5869
1699532027.136844, 5896
1699532028.464184, 5920
1699532029.828622, 5950
1699532031.377338, 5980
1699532032.742385, 6007
1699532034.120913, 6032
1699532035.478494, 6063
1699532036.907821, 6087
1699532038.258625, 6117
1699532039.635743, 6143
1699532040.944821, 6167
1699532042.308709, 6196
1699532043.698672, 6223
1699532045.083046, 6249
1699532046.482594, 6279
1699532047.866425, 6305
1699532049.235334, 6333
1699532050.624919, 6360
1699532052.087627, 6390
1699532053.514807, 6418
1699532054.891611, 6446
1699532056.302151, 6474
1699532057.685329, 6500
1699532059.072423, 6528
1699532060.480663, 6556
1699532062.073591, 6586
1699532063.920181, 6623
1699532065.665417, 6658
1699532067.076230, 6687
1699532068.434788, 6714
1699532069.824046, 6740
1699532071.264659, 6770
1699532072.619565, 6796
1699532074.054684, 6824
1699532075.471884, 6852
1699532076.766964, 6876
1699532078.341757, 6908
1699532079.663449, 6935
1699532080.997272, 6962
1699532082.394385, 6988
1699532083.770341, 7016
1699532085.204500, 7045
1699532086.525608, 7069
1699532087.967054, 7099
1699532089.359236, 7128
1699532090.709763, 7154
1699532092.064267, 7180
1699532093.495252, 7209
1699532094.842388, 7236
1699532096.223398, 7261
1699532097.558687, 7289
1699532098.965538, 7316
1699532100.323692, 7344
1699532101.587464, 7369
1699532102.910126, 7396
1699532104.235601, 7421
1699532105.844766, 7453
1699532107.195252, 7478
1699532108.581092, 7507
1699532109.973156, 7534
1699532111.575015, 7566
1699532112.846148, 7590
1699532114.192873, 7619
1699532115.535004, 7644
1699532116.959411, 7672
1699532118.603745, 7706
1699532119.896616, 7731
1699532121.237651, 7757
1699532122.574111, 7783
1699532123.934353, 7811
1699532125.326493, 7837
1699532126.698126, 7864
1699532128.062699, 7891
1699532129.498905, 7919
1699532130.856470, 7947
1699532132.199052, 7975
1699532133.606684, 7999
1699532135.042647, 8031
1699532136.434473, 8055
1699532137.812426, 8086
1699532139.226357, 8111
1699532140.589924, 8140
1699532141.967177, 8167
1699532143.379703, 8196
1699532144.814240, 8223
1699532146.272113, 8253
1699532147.650810, 8278
1699532148.961781, 8306
1699532150.302307, 8333
1699532151.732015, 8358
1699532153.311655, 8390
1699532154.688337, 8418
1699532156.105158, 8445
1699532157.494123, 8473
1699532158.793487, 8500
1699532160.172537, 8528
1699532161.579565, 8554
1699532162.947301, 8582
1699532164.270931, 8608
1699532165.737625, 8637
1699532167.132087, 8664
1699532168.558041, 8692
1699532169.927250, 8719
1699532171.294011, 8747
1699532172.668834, 8774
1699532174.181736, 8803
1699532175.566898, 8830
1699532176.949193, 8859
1699532178.335781, 8885
1699532179.756948, 8914
1699532181.179018, 8942
1699532182.627981, 8970
1699532183.943028, 8997
1699532185.337164, 9023
1699532186.669600, 9051
1699532188.001162, 9075
1699532189.393039, 9104
1699532190.786053, 9131
1699532192.234772, 9161
1699532193.683945, 9189
1699532195.042182, 9217
1699532196.380116, 9243
1699532197.730199, 9268
1699532199.178080, 9298
1699532200.474929, 9323
1699532201.848419, 9349
1699532203.258464, 9378
1699532204.568627, 9404
1699532205.965207, 9432
1699532207.373278, 9460
1699532208.762676, 9487
1699532210.210539, 9515
1699532211.570184, 9541
1699532212.906111, 9570
1699532214.287854, 9595
1699532215.649464, 9624
1699532217.034029, 9650
1699532218.456727, 9677
1699532219.893367, 9706
1699532221.480281, 9738
1699532222.916828, 9766
1699532224.238584, 9793
1699532225.633050, 9820
1699532227.036725, 9848
1699532228.394487, 9875
1699532230.027817, 9906
1699532231.787106, 9942
1699532233.200922, 9970
1699532234.565836, 9998
1699532236.016233, 10026
1699532237.377270, 10053
1699532238.728651, 10079
1699532240.198301, 10107
1699532241.584830, 10136
1699532242.989822, 10163
1699532244.404552, 10191
1699532245.755763, 10219
1699532247.085366, 10244
1699532248.392838, 10271
1699532249.816591, 10299
1699532251.187987, 10326
1699532252.564220, 10352
1699532254.018465, 10381
1699532255.590089, 10411
1699532257.067189, 10441
1699532258.443285, 10469
1699532259.795178, 10496
1699532261.342786, 10527
1699532262.703582, 10553
1699532264.125747, 10581
1699532265.463005, 10608
1699532267.176135, 10641
1699532268.583815, 10669
1699532269.937494, 10696
1699532271.275372, 10723
1699532272.919705, 10756
1699532274.600749, 10788
1699532275.953357, 10814
1699532277.353424, 10843
1699532278.757580, 10870
1699532280.167660, 10898
1699532281.531911, 10926
1699532282.884218, 10953
1699532284.411009, 10982
1699532285.759631, 11010
1699532287.116233, 11035
1699532288.467561, 11064
1699532290.054008, 11093
1699532291.471621, 11122
1699532292.878476, 11151
1699532294.311109, 11178
1699532295.802132, 11208
1699532297.210483, 11235
1699532298.604856, 11263
1699532300.027992, 11290
1699532301.516480, 11321
1699532302.902380, 11349
1699532304.283548, 11376
1699532305.668554, 11402
1699532307.293729, 11434
1699532308.635576, 11463
1699532310.065307, 11490
1699532311.417945, 11516
1699532313.074425, 11550
1699532314.371697, 11577
1699532315.702320, 11602
1699532317.051850, 11628
1699532318.438846, 11656
1699532319.873704, 11684
1699532321.218856, 11711
1699532322.579931, 11738
1699532323.915265, 11763
1699532325.298550, 11792
1699532326.601395, 11818
1699532327.922930, 11842
1699532329.311999, 11872
