1701183049.121027, 65
1701183050.465641, 125
1701183051.865363, 191
1701183053.207679, 254
1701183054.529524, 318
1701183056.009502, 390
1701183057.638048, 467
1701183059.005063, 530
1701183060.327702, 599
1701183061.632607, 660
1701183063.315713, 737
1701183065.009148, 821
1701183066.505494, 887
1701183067.983810, 964
1701183069.388483, 1033
1701183070.696973, 1096
1701183072.046252, 1156
1701183073.630719, 1228
1701183075.084707, 1293
1701183076.528175, 1360
1701183078.069946, 1429
1701183079.693106, 1501
1701183081.152877, 1568
1701183082.509802, 1630
1701183083.884559, 1692
1701183085.326299, 1760
1701183087.003972, 1835
1701183088.366709, 1896
1701183089.862509, 1967
1701183091.365633, 2047
1701183092.722625, 2108
1701183094.053576, 2112
1701183095.453318, 2112
1701183096.840914, 2112
1701183098.228443, 2112
1701183099.624450, 2112
1701183101.109674, 2112
1701183102.532936, 2112
1701183103.972376, 2112
1701183105.463295, 2112
1701183107.302200, 2112
1701183109.024338, 2112
1701183110.581693, 2112
1701183112.140446, 2112
1701183113.658169, 2112
1701183115.074465, 2112
1701183116.448722, 2112
1701183117.849720, 2112
1701183119.220270, 2112
1701183120.620020, 2112
1701183122.006124, 2112
1701183123.387654, 2112
1701183124.927485, 2112
1701183126.321707, 2112
1701183127.650429, 2112
1701183129.122641, 2112
1701183130.455338, 2112
1701183131.754738, 2112
1701183133.186121, 2112
1701183134.547689, 2112
1701183135.860714, 2112
1701183137.348976, 2112
1701183138.647397, 2112
1701183139.994327, 2112
1701183141.293827, 2112
1701183142.636137, 2112
1701183143.955426, 2112
1701183145.308211, 2112
1701183146.756288, 2112
1701183148.291520, 2112
1701183149.649972, 2112
1701183151.008606, 2112
1701183152.355660, 2112
1701183153.788933, 2112
1701183155.313335, 2112
1701183156.627032, 2112
1701183157.999824, 2112
1701183159.366970, 2112
1701183160.724539, 2112
1701183162.351006, 2112
1701183163.901145, 2112
1701183165.298360, 2112
1701183166.652231, 2112
1701183168.105140, 2112
1701183169.501826, 2112
1701183170.852187, 2112
1701183172.212729, 2112
1701183173.605868, 2112
1701183174.976689, 2112
1701183176.386866, 2112
1701183177.776987, 2112
1701183179.122325, 2112
1701183180.499620, 2112
1701183181.811039, 2112
1701183183.171650, 2112
1701183184.523983, 2112
1701183185.939208, 2112
1701183187.243927, 2112
1701183188.831717, 2112
1701183190.140625, 2112
1701183191.460189, 2112
1701183192.857424, 2112
1701183194.334757, 2112
1701183195.697067, 2112
1701183197.073313, 2112
1701183198.502131, 2112
1701183199.875657, 2112
1701183201.306645, 2112
1701183202.685080, 2112
1701183204.002994, 2112
1701183205.363196, 2112
1701183206.726003, 2112
1701183208.326859, 2112
1701183209.919068, 2112
1701183211.319671, 2112
1701183212.753610, 2112
1701183214.079904, 2112
1701183215.398216, 2112
1701183216.786618, 2112
1701183218.262153, 2112
1701183219.719495, 2112
1701183221.106125, 2112
1701183222.493359, 2112
1701183223.827012, 2112
1701183225.206322, 2112
1701183226.522661, 2112
1701183227.876269, 2112
1701183229.249043, 2112
1701183230.623885, 2112
1701183232.036513, 2112
1701183233.391284, 2112
1701183234.983714, 2112
1701183236.369843, 2112
1701183237.758709, 2112
1701183239.121870, 2112
1701183240.482054, 2112
1701183241.838881, 2112
1701183243.150465, 2112
1701183244.520532, 2112
1701183245.974700, 2112
1701183247.338551, 2112
1701183248.670562, 2112
1701183250.038082, 2112
1701183251.428363, 2112
1701183252.763342, 2112
1701183254.145910, 2112
1701183255.515729, 2112
1701183256.898677, 2112
1701183258.298185, 2112
1701183259.873120, 2112
1701183261.382059, 2112
1701183262.715522, 2112
1701183264.318499, 2112
1701183265.678963, 2112
1701183267.110033, 2112
1701183268.485119, 2112
1701183269.893299, 2112
1701183271.227749, 2112
1701183272.659890, 2112
1701183273.996336, 2112
1701183275.340508, 2112
1701183276.663851, 2112
1701183278.042318, 2112
1701183279.444209, 2112
1701183281.006300, 2112
1701183282.360725, 2112
1701183283.717426, 2112
1701183285.146704, 2112
1701183286.481548, 2112
1701183287.899415, 2112
1701183289.278083, 2112
1701183290.679624, 2112
1701183292.113816, 2112
1701183293.461630, 2112
1701183294.852849, 2112
1701183296.245763, 2112
1701183297.696807, 2112
1701183299.101386, 2112
1701183300.476632, 2112
1701183301.791052, 2112
1701183303.161577, 2112
1701183304.558777, 2112
1701183305.954037, 2112
1701183307.315099, 2112
1701183308.739261, 2112
1701183310.091140, 2112
1701183311.479319, 2112
1701183312.871045, 2112
1701183314.244141, 2112
1701183315.644776, 2112
1701183316.984163, 2112
1701183318.366140, 2112
1701183319.718964, 2112
1701183321.125356, 2112
1701183322.457780, 2112
1701183323.841079, 2112
1701183325.197190, 2112
1701183326.552939, 2112
1701183328.029708, 2112
1701183329.424536, 2112
1701183330.803014, 2112
1701183332.176137, 2112
1701183333.611793, 2112
1701183335.012424, 2112
1701183336.356514, 2112
1701183337.708408, 2112
1701183339.086097, 2112
1701183340.485263, 2112
1701183341.820168, 2112
1701183343.281342, 2112
1701183344.706607, 2112
1701183346.049417, 2112
1701183347.377575, 2112
