1701175080.117722, 6
1701175081.491115, 6
1701175082.962233, 6
1701175084.332271, 6
1701175085.773319, 6
1701175087.177409, 6
1701175088.589198, 6
1701175089.993827, 6
1701175091.347377, 6
1701175092.721768, 6
1701175094.131030, 6
1701175095.592763, 6
1701175097.049580, 6
1701175098.440270, 6
1701175099.890324, 6
1701175101.778075, 6
1701175103.191289, 6
1701175104.597676, 6
1701175106.054012, 6
1701175107.430527, 6
1701175109.829376, 6
1701175111.783440, 6
1701175113.188680, 6
1701175114.586716, 6
1701175115.977197, 6
1701175117.465542, 6
1701175118.965632, 6
1701175120.323425, 6
1701175121.660203, 6
1701175123.021529, 6
1701175124.467215, 6
1701175125.809036, 6
1701175127.182590, 6
1701175128.596317, 6
1701175129.976779, 6
1701175131.411762, 6
1701175132.816183, 6
1701175134.722072, 6
1701175136.094702, 6
1701175137.485536, 6
1701175138.993216, 6
1701175140.312627, 12
1701175142.174727, 12
1701175144.038811, 12
1701175145.655805, 12
1701175147.037513, 12
1701175148.483145, 12
1701175149.889180, 12
1701175151.250786, 12
1701175152.612163, 12
1701175153.947145, 12
1701175155.255517, 12
1701175156.613529, 12
1701175158.150200, 12
1701175159.535472, 12
1701175160.956397, 12
1701175162.333254, 12
1701175163.673892, 12
1701175165.049253, 12
1701175166.445514, 12
1701175167.906536, 12
1701175169.399325, 12
1701175170.762390, 12
1701175172.153754, 12
1701175173.586681, 12
1701175175.792946, 12
1701175177.459446, 12
1701175178.833883, 12
1701175180.221160, 12
1701175181.640653, 12
1701175183.074307, 12
1701175184.449954, 12
1701175185.843049, 12
1701175187.310894, 12
1701175188.757414, 12
1701175190.200294, 12
1701175191.667400, 12
1701175193.004990, 12
1701175194.458156, 12
1701175195.801309, 12
1701175197.239817, 12
1701175198.614068, 12
1701175200.108306, 18
1701175201.595030, 18
1701175203.073042, 18
1701175204.503165, 18
1701175205.927592, 18
1701175207.509766, 18
1701175209.626276, 18
1701175211.416103, 18
1701175212.908718, 18
1701175214.340079, 18
1701175215.782377, 18
1701175217.195065, 18
1701175218.587202, 18
1701175220.037025, 18
1701175221.541740, 18
1701175222.950312, 18
1701175224.344542, 18
1701175225.726281, 18
1701175227.207453, 18
1701175228.787536, 18
1701175230.142794, 18
1701175231.547013, 18
1701175233.141675, 18
1701175234.598409, 18
1701175235.933796, 18
1701175237.301100, 18
1701175238.672809, 18
1701175240.018820, 18
1701175242.446405, 18
1701175244.134028, 18
1701175245.513863, 18
1701175246.911616, 18
1701175248.351383, 18
1701175249.890141, 18
1701175251.291546, 18
1701175252.774953, 18
1701175254.132202, 18
1701175255.525876, 18
1701175256.994197, 18
1701175258.350160, 18
1701175259.739677, 18
1701175261.392221, 24
1701175262.801228, 24
1701175264.262155, 24
1701175265.857166, 24
1701175267.438008, 24
1701175268.790017, 24
1701175270.367934, 24
1701175271.759815, 24
1701175273.867069, 24
1701175276.211749, 24
1701175277.807630, 24
1701175279.203610, 24
1701175280.801980, 24
1701175282.279816, 24
1701175283.841140, 24
1701175285.315347, 24
1701175286.795138, 24
1701175288.234544, 24
1701175289.742182, 24
1701175291.105925, 24
1701175292.605839, 24
1701175294.011435, 24
1701175295.310623, 24
1701175296.672103, 24
1701175298.361280, 24
1701175300.082549, 24
1701175301.631879, 24
1701175303.109983, 24
1701175304.524811, 24
1701175305.933208, 24
1701175307.387116, 24
1701175308.714832, 24
1701175310.108567, 24
1701175311.532506, 24
1701175313.035834, 24
1701175314.467748, 24
1701175315.861451, 24
1701175317.273235, 24
1701175318.687375, 24
1701175320.086623, 30
1701175321.536330, 30
1701175322.947497, 30
1701175324.380707, 30
1701175325.779398, 30
1701175327.138204, 30
1701175328.616056, 30
1701175330.013942, 30
1701175331.446215, 30
1701175332.873006, 30
1701175334.548768, 30
1701175335.957229, 30
1701175337.434970, 30
1701175338.926651, 30
1701175340.393037, 30
1701175341.912411, 30
1701175343.480876, 30
1701175344.827101, 30
1701175346.155612, 30
1701175347.806891, 30
1701175349.264568, 30
1701175350.691450, 30
1701175352.027714, 30
1701175353.684069, 30
1701175355.082190, 30
1701175356.467648, 30
1701175357.877977, 30
1701175359.596878, 30
1701175361.008020, 30
1701175362.371429, 30
1701175363.811212, 30
1701175365.476063, 30
1701175366.990821, 30
1701175368.368961, 30
1701175369.772946, 30
1701175371.166259, 30
1701175372.523967, 30
1701175374.031379, 30
1701175375.469168, 30
1701175376.892143, 30
1701175378.523321, 30
1701175379.933579, 36
1701175381.473634, 36
1701175382.820235, 36
1701175384.282558, 36
1701175385.786271, 36
1701175387.202121, 36
1701175388.573011, 36
1701175390.159375, 36
1701175391.536056, 36
1701175392.993257, 36
1701175394.459375, 36
1701175395.888846, 36
1701175397.317530, 36
1701175398.800081, 36
1701175400.217906, 36
1701175401.638151, 36
1701175403.073739, 36
1701175404.464771, 36
1701175405.987267, 36
1701175407.486405, 36
1701175408.885660, 36
1701175410.509132, 36
1701175412.026839, 36
1701175413.787504, 36
1701175415.288981, 36
1701175416.853526, 36
1701175418.232280, 36
1701175419.704741, 36
1701175421.194424, 36
1701175422.615642, 36
1701175424.170556, 36
1701175425.659283, 36
1701175427.189850, 36
1701175428.596590, 36
1701175430.073814, 36
1701175431.605754, 36
1701175433.137913, 36
1701175434.642092, 36
1701175436.267111, 36
1701175437.772483, 36
1701175439.223956, 36
1701175440.818172, 42
1701175442.323256, 42
1701175443.775089, 42
1701175445.333830, 42
1701175446.743717, 42
1701175448.180210, 42
1701175449.662556, 42
1701175451.127475, 42
1701175452.603370, 42
1701175453.985112, 42
1701175455.402876, 42
1701175456.788644, 42
1701175458.197953, 42
1701175459.623435, 42
1701175461.230385, 42
1701175462.638805, 42
1701175464.213327, 42
1701175465.613688, 42
1701175466.987829, 42
1701175468.408904, 42
1701175470.094990, 42
1701175471.575461, 42
1701175472.975341, 42
1701175474.570921, 42
1701175476.024162, 42
1701175477.498424, 42
1701175478.976858, 42
1701175480.455015, 42
1701175481.915956, 42
1701175483.289068, 42
1701175484.658155, 42
1701175486.143714, 42
1701175487.600227, 42
1701175489.082255, 42
1701175490.550404, 42
1701175492.014864, 42
1701175493.430543, 42
1701175494.880769, 42
1701175496.282212, 42
1701175497.687805, 42
1701175499.137960, 42
1701175500.491368, 48
1701175501.939907, 48
1701175503.605265, 48
1701175505.045949, 48
1701175506.450875, 48
1701175507.809582, 48
1701175509.320733, 48
1701175510.768803, 48
1701175512.121746, 48
1701175513.739046, 48
1701175515.296949, 48
1701175516.752089, 48
1701175518.365823, 48
1701175519.800210, 48
1701175521.286558, 48
1701175522.670431, 48
1701175524.063106, 48
1701175525.462442, 48
1701175526.882889, 48
1701175528.275640, 48
1701175530.213505, 48
1701175531.669051, 48
1701175533.095578, 48
1701175534.520202, 48
1701175536.040276, 48
1701175537.542554, 48
1701175539.095563, 48
1701175540.547872, 48
1701175541.935084, 48
1701175543.336612, 48
1701175544.790076, 48
1701175546.360473, 48
1701175547.848465, 48
1701175549.545497, 48
1701175550.995524, 48
1701175552.457941, 48
1701175553.898753, 48
1701175555.317782, 48
1701175556.762813, 48
1701175558.215304, 48
1701175559.573424, 48
1701175561.035274, 54
1701175562.411578, 54
1701175563.829338, 54
1701175565.274179, 54
1701175566.885828, 54
1701175568.424836, 54
1701175569.922971, 54
1701175571.440322, 54
1701175572.831867, 54
1701175574.217860, 54
1701175575.564365, 54
1701175579.147049, 54
1701175580.701550, 54
1701175582.326345, 54
1701175583.984886, 54
1701175585.464662, 54
1701175586.938864, 54
1701175588.321373, 54
1701175589.977901, 54
1701175591.370825, 54
1701175592.805846, 54
1701175594.260021, 54
1701175595.664922, 54
1701175597.166603, 54
1701175598.667361, 54
1701175600.096981, 54
1701175601.578340, 54
1701175603.015612, 54
1701175604.498651, 54
1701175605.950208, 54
1701175607.630595, 54
1701175609.064558, 54
1701175610.478895, 54
1701175611.984325, 54
1701175613.563031, 54
1701175615.086947, 54
1701175616.481671, 54
1701175617.883724, 54
1701175619.613050, 54
1701175621.290051, 60
1701175623.427761, 60
1701175625.206762, 60
1701175626.780812, 60
1701175628.191242, 60
1701175629.716769, 60
1701175631.175126, 60
1701175632.833138, 60
1701175634.349553, 60
1701175636.022050, 60
1701175637.451454, 60
1701175638.898649, 60
1701175640.281211, 60
1701175641.694399, 60
1701175643.095713, 60
1701175644.621105, 60
1701175646.093826, 60
1701175647.573831, 60
1701175649.109670, 60
1701175650.825431, 60
1701175652.375017, 60
1701175654.975594, 60
1701175656.747614, 60
1701175658.736805, 60
1701175660.413825, 60
1701175662.218298, 60
1701175663.775174, 60
1701175665.679984, 60
1701175667.612294, 60
1701175669.182214, 60
1701175670.962207, 60
1701175672.691941, 60
1701175674.349638, 60
1701175676.488499, 60
1701175678.801241, 60
