1699957038.531743, 0
1699957039.988733, 0
1699957041.366708, 0
1699957042.795255, 0
1699957044.230816, 0
1699957045.691674, 0
1699957047.070197, 0
1699957048.619980, 0
1699957050.079018, 0
1699957051.502440, 0
1699957052.976003, 0
1699957054.605588, 0
1699957056.039322, 0
1699957057.468757, 0
1699957058.922181, 0
1699957060.411415, 0
1699957061.839958, 0
1699957063.237760, 0
1699957064.631298, 0
1699957066.060789, 0
1699957067.528708, 0
1699957068.914170, 0
1699957070.374481, 0
1699957071.759491, 0
1699957073.206627, 0
1699957074.615404, 0
1699957076.115409, 0
1699957077.500782, 0
1699957078.884620, 0
1699957080.287212, 0
1699957081.773246, 0
1699957083.182674, 0
1699957084.592027, 0
1699957086.003691, 0
1699957087.359321, 0
1699957088.941095, 0
1699957090.359447, 0
1699957091.787026, 0
1699957093.140686, 0
1699957094.673271, 0
1699957096.072760, 0
1699957097.494020, 0
1699957098.963590, 0
1699957100.605062, 0
1699957101.960635, 0
1699957103.389142, 0
1699957104.795996, 0
1699957106.206678, 0
1699957107.629800, 0
1699957109.041442, 0
1699957110.425881, 0
1699957112.094571, 0
1699957113.520266, 1
1699957115.241459, 1
1699957116.656055, 1
1699957118.152783, 1
1699957119.530172, 2
1699957120.930926, 2
1699957122.366813, 3
1699957123.754623, 5
1699957125.170606, 5
1699957126.590972, 6
1699957127.937347, 6
1699957129.352690, 6
1699957130.786045, 6
1699957132.252049, 6
1699957133.595436, 6
1699957135.030483, 6
1699957136.369847, 6
1699957137.807710, 6
1699957139.227203, 6
1699957140.952139, 6
1699957142.342726, 6
1699957143.749997, 6
1699957145.186164, 6
1699957146.558277, 6
1699957147.960299, 6
1699957149.344966, 6
1699957150.747728, 6
1699957152.138341, 6
1699957153.688773, 6
1699957155.122459, 6
1699957156.554806, 6
1699957157.983166, 6
1699957159.331595, 6
1699957160.774193, 6
1699957162.116889, 6
1699957163.618324, 6
1699957165.075095, 6
1699957166.539474, 6
1699957167.886363, 6
1699957169.363808, 6
1699957170.826488, 6
1699957172.257687, 6
1699957173.615101, 6
1699957175.378272, 6
1699957177.122667, 6
1699957178.623699, 6
1699957180.028001, 6
1699957181.531593, 6
1699957183.003931, 6
1699957184.422875, 6
1699957185.841287, 6
1699957187.322526, 6
1699957188.793680, 6
1699957190.149816, 6
1699957191.557121, 6
1699957193.014193, 6
1699957194.477926, 6
1699957195.902345, 6
1699957197.483073, 6
1699957198.964031, 6
1699957200.360757, 6
1699957201.757373, 6
1699957203.132791, 6
1699957204.597301, 6
1699957206.019998, 6
1699957207.490938, 6
1699957208.889289, 6
1699957210.262888, 6
1699957211.633575, 6
1699957213.233772, 6
1699957214.675185, 6
1699957216.050135, 6
1699957217.435649, 6
1699957218.840352, 6
1699957220.294280, 6
1699957221.708776, 6
1699957223.165581, 6
1699957224.584394, 6
1699957226.035708, 6
1699957227.420402, 6
1699957228.871568, 6
1699957230.341709, 6
1699957231.669570, 6
1699957233.116429, 6
1699957234.475442, 6
1699957235.882887, 6
1699957237.197217, 6
1699957238.563585, 6
1699957239.949781, 6
1699957241.389809, 6
1699957242.810317, 6
1699957244.289318, 6
1699957245.630573, 6
1699957247.612271, 6
1699957249.522128, 6
1699957250.982872, 7
1699957252.392704, 7
1699957253.843873, 7
1699957255.150972, 7
1699957256.616678, 7
1699957257.969419, 8
1699957259.357593, 8
1699957260.837464, 8
1699957262.280205, 8
1699957263.669928, 8
1699957265.108640, 8
1699957266.645334, 8
1699957268.101634, 8
1699957269.552248, 8
1699957270.921513, 8
1699957272.346013, 8
1699957273.742211, 9
1699957275.167815, 9
1699957276.548853, 10
1699957277.923567, 10
1699957279.382242, 11
1699957280.777865, 11
1699957282.206471, 11
1699957283.650861, 11
1699957285.029113, 12
1699957286.424303, 12
1699957287.861323, 12
1699957289.269114, 12
1699957290.726734, 12
1699957292.157843, 12
1699957293.621111, 12
1699957295.074449, 12
1699957296.790225, 12
1699957298.296920, 12
1699957299.917253, 12
1699957301.717522, 12
1699957305.060432, 12
1699957306.757472, 12
1699957308.394468, 12
1699957310.000597, 12
1699957311.541074, 12
1699957313.343578, 12
1699957315.016146, 12
1699957316.451677, 12
1699957317.917685, 12
1699957319.251971, 12
1699957320.774040, 12
1699957322.176438, 12
1699957323.563267, 12
1699957324.995048, 12
1699957326.453722, 12
1699957328.056816, 12
1699957329.468312, 12
1699957330.834657, 12
1699957332.298186, 12
1699957333.949829, 12
1699957335.384611, 12
1699957336.818102, 12
1699957338.279919, 12
1699957339.724156, 12
1699957341.088509, 12
1699957342.531052, 12
1699957343.995497, 12
1699957345.382287, 12
1699957346.863802, 12
1699957348.266126, 12
1699957349.731874, 12
1699957351.160430, 12
1699957352.582922, 12
1699957353.968129, 12
1699957355.342893, 12
1699957356.698737, 12
1699957358.087310, 12
1699957359.622665, 12
1699957361.062847, 12
1699957362.497218, 12
1699957363.918600, 12
1699957365.326366, 12
1699957366.715136, 12
1699957368.129190, 12
1699957369.514217, 12
1699957371.123151, 12
1699957372.523656, 12
1699957373.980021, 12
1699957375.547035, 12
1699957376.925913, 12
1699957378.350611, 12
1699957379.733376, 12
1699957381.164505, 13
1699957382.549992, 13
1699957383.987227, 13
1699957385.604619, 13
1699957386.980247, 13
1699957388.383158, 13
1699957389.771623, 13
1699957391.173763, 13
1699957392.557323, 14
1699957393.964800, 14
1699957395.337677, 14
1699957396.717797, 14
1699957398.138430, 14
1699957399.630944, 14
1699957400.994496, 14
1699957402.424281, 14
1699957403.866677, 14
1699957405.390474, 14
1699957406.811614, 14
1699957408.217772, 14
1699957409.601727, 14
1699957411.068657, 14
1699957412.413573, 14
1699957413.776889, 14
1699957415.223938, 14
1699957416.798524, 14
1699957418.199374, 14
1699957419.589903, 14
1699957420.944945, 14
1699957422.608665, 14
1699957424.249520, 15
1699957425.653678, 16
1699957427.025640, 17
1699957428.476838, 17
1699957429.831909, 17
1699957431.291505, 17
1699957432.689372, 17
1699957434.179639, 17
1699957435.604481, 17
1699957437.025033, 17
1699957438.475300, 17
1699957440.146263, 18
1699957441.561409, 18
1699957442.978569, 18
1699957444.357019, 18
1699957445.769874, 18
1699957447.200842, 18
1699957448.606337, 18
1699957450.067557, 18
1699957451.621536, 18
1699957453.022219, 18
1699957454.513055, 18
1699957455.942010, 18
1699957457.334606, 18
1699957458.784938, 18
1699957460.197689, 18
1699957461.636187, 18
1699957463.047383, 18
1699957464.509235, 18
1699957465.897578, 18
1699957467.285270, 18
1699957469.008465, 18
1699957470.476018, 18
1699957471.890839, 18
1699957473.326761, 18
1699957474.719025, 18
1699957476.143865, 18
1699957477.549914, 18
1699957478.865566, 18
1699957480.485430, 18
1699957481.889003, 18
1699957483.316681, 18
1699957484.686884, 18
1699957486.083035, 18
1699957487.523633, 18
1699957488.916961, 18
1699957490.288696, 18
1699957491.924457, 18
1699957493.615458, 18
1699957495.580623, 18
1699957497.737043, 18
1699957499.451035, 18
1699957501.233521, 18
1699957502.804194, 18
1699957504.571372, 18
1699957506.119485, 18
1699957507.805508, 18
1699957509.416744, 18
1699957510.823727, 18
1699957512.286716, 18
1699957513.981169, 19
1699957515.455053, 19
1699957516.975161, 19
1699957518.643105, 19
1699957520.259995, 20
1699957522.014302, 20
1699957523.461796, 20
1699957524.882540, 20
1699957526.575725, 20
1699957528.091207, 20
1699957529.569298, 20
1699957531.234174, 20
1699957532.842282, 20
1699957534.432811, 20
1699957536.155540, 20
1699957538.020461, 20
1699957539.701749, 20
1699957541.159128, 20
1699957542.709618, 20
1699957544.157996, 20
1699957545.639911, 20
1699957547.048117, 20
1699957548.441175, 20
1699957549.839685, 20
1699957551.712864, 20
1699957553.619840, 20
1699957555.392489, 20
1699957556.771136, 20
1699957558.170663, 20
1699957559.772686, 20
1699957561.284187, 20
1699957562.708744, 20
1699957564.091456, 20
1699957565.683625, 20
1699957567.088621, 20
1699957568.555598, 20
1699957569.934934, 20
1699957571.362906, 20
1699957572.787560, 20
1699957574.182809, 20
1699957575.603042, 21
1699957577.018003, 21
1699957578.425008, 22
1699957579.783613, 22
1699957581.172115, 23
1699957582.498251, 23
1699957583.976262, 23
1699957585.519849, 23
1699957586.959404, 23
1699957588.376118, 23
1699957589.782158, 23
1699957591.164499, 23
1699957592.580109, 23
1699957594.188582, 23
1699957595.812373, 23
1699957597.681316, 23
1699957600.420184, 24
1699957602.012576, 24
1699957603.532101, 24
1699957605.024996, 24
1699957607.003246, 24
1699957608.673783, 24
1699957610.392901, 24
1699957611.969393, 24
1699957613.501221, 24
1699957614.911308, 24
1699957616.281569, 24
1699957617.669783, 24
1699957619.131881, 24
1699957620.561275, 24
1699957621.940510, 24
1699957623.313359, 24
1699957624.741303, 24
1699957626.192349, 24
1699957627.654791, 24
1699957629.085731, 24
1699957630.482662, 24
1699957631.896398, 24
1699957633.341721, 24
1699957634.698745, 24
1699957636.125109, 25
