1699367745.537994, 26
1699367746.837773, 53
1699367748.273955, 76
1699367749.643967, 102
1699367750.982472, 124
1699367752.417768, 149
1699367753.765263, 173
1699367755.099340, 197
1699367756.688917, 226
1699367758.038661, 250
1699367759.372995, 274
1699367760.781597, 298
1699367762.202252, 324
1699367763.573709, 348
1699367764.944843, 372
1699367766.339074, 398
1699367767.769418, 424
1699367769.185084, 446
1699367770.827277, 479
1699367772.271374, 502
1699367773.667912, 526
1699367775.065248, 553
1699367776.563503, 579
1699367777.990505, 604
1699367779.390052, 628
1699367780.821868, 654
1699367782.424252, 682
1699367783.892619, 708
1699367785.320387, 734
1699367786.727403, 760
1699367788.112312, 784
1699367789.452782, 807
1699367791.038859, 836
1699367792.437096, 862
1699367793.883728, 887
1699367795.295512, 912
1699367796.631624, 935
1699367798.098281, 962
1699367799.491721, 989
1699367800.872988, 1014
1699367802.286064, 1039
1699367803.654338, 1063
1699367805.177666, 1090
1699367806.615457, 1118
1699367808.214389, 1146
1699367809.610147, 1170
1699367811.043634, 1195
1699367812.411868, 1221
1699367813.887609, 1248
1699367815.280998, 1274
1699367816.922029, 1303
1699367818.369614, 1331
1699367819.729967, 1355
1699367821.043338, 1377
1699367822.593577, 1407
1699367823.985935, 1432
1699367825.394529, 1458
1699367826.747363, 1482
1699367828.412138, 1512
1699367829.856572, 1540
1699367831.231283, 1563
1699367832.602733, 1589
1699367834.020036, 1614
1699367835.366266, 1641
1699367836.809012, 1666
1699367838.264024, 1690
1699367839.866601, 1719
1699367841.313826, 1744
1699367842.711185, 1770
1699367844.125272, 1795
1699367845.550169, 1821
1699367846.864995, 1844
1699367848.245039, 1870
1699367849.626949, 1897
1699367851.103131, 1919
1699367852.483972, 1945
1699367853.904013, 1970
1699367855.309130, 1993
1699367856.689035, 2020
1699367858.103694, 2046
1699367859.495986, 2070
1699367860.849130, 2095
1699367862.238035, 2120
1699367863.811237, 2149
1699367865.220301, 2174
1699367866.670874, 2200
1699367869.857014, 2258
1699367871.268253, 2286
1699367872.821118, 2312
1699367874.360421, 2340
1699367875.729007, 2364
1699367877.066826, 2390
1699367878.481941, 2415
1699367880.028492, 2442
1699367881.366861, 2467
1699367882.717744, 2492
1699367884.546504, 2520
1699367886.043945, 2550
1699367887.475109, 2576
1699367888.858762, 2601
1699367890.156717, 2625
1699367891.588644, 2651
1699367892.969378, 2672
1699367894.590868, 2703
1699367896.002611, 2726
1699367897.679949, 2758
1699367899.076992, 2783
1699367900.377500, 2806
1699367901.880260, 2833
1699367903.190766, 2860
1699367904.558681, 2881
1699367905.883450, 2907
1699367907.258909, 2928
1699367909.470051, 2970
1699367910.846948, 2994
1699367912.471352, 3025
1699367913.899093, 3048
1699367915.241917, 3072
1699367916.892972, 3102
1699367918.267921, 3127
1699367919.636117, 3150
1699367921.116429, 3177
1699367922.427323, 3201
1699367923.758268, 3223
1699367925.067767, 3249
1699367926.621849, 3275
1699367927.956814, 3298
1699367929.288342, 3322
1699367930.676493, 3347
1699367932.070412, 3372
1699367933.442116, 3396
1699367934.800480, 3422
1699367936.176770, 3444
1699367937.596866, 3470
1699367938.949464, 3494
1699367940.262464, 3519
1699367941.621004, 3541
1699367943.009902, 3566
1699367944.330594, 3591
1699367945.715894, 3616
1699367947.037320, 3641
1699367948.441980, 3664
1699367949.768801, 3688
1699367951.156942, 3714
1699367952.595387, 3739
1699367953.997414, 3766
1699367955.419089, 3792
1699367956.783428, 3814
1699367958.130490, 3838
1699367959.516495, 3861
1699367960.986847, 3890
1699367962.381301, 3911
1699367963.712723, 3937
1699367965.079398, 3962
1699367966.443093, 3984
1699367967.863213, 4010
1699367969.232100, 4035
1699367970.566158, 4059
1699367971.897215, 4082
1699367973.245430, 4106
1699367974.611322, 4132
1699367975.974447, 4157
1699367977.306209, 4181
1699367978.647075, 4204
1699367979.989514, 4229
1699367981.386734, 4255
1699367982.762503, 4282
1699367984.130930, 4306
1699367985.474129, 4330
1699367986.797852, 4355
1699367988.162678, 4376
1699367989.539822, 4402
1699367990.904254, 4429
1699367992.302668, 4455
1699367993.610335, 4478
1699367995.023568, 4501
1699367996.425218, 4525
1699367997.779566, 4547
1699367999.139920, 4573
1699368000.542028, 4598
1699368001.924661, 4626
1699368003.265547, 4646
1699368004.684451, 4672
1699368006.099869, 4698
1699368007.489635, 4721
1699368008.829300, 4746
1699368010.307027, 4774
1699368011.678144, 4800
1699368013.118332, 4823
1699368014.446840, 4847
1699368015.816189, 4872
1699368017.183160, 4893
1699368018.531704, 4920
1699368019.909652, 4943
1699368021.268747, 4969
1699368022.656708, 4991
1699368023.973151, 5017
1699368025.287785, 5038
1699368026.622836, 5063
1699368027.959813, 5091
1699368029.576428, 5120
1699368030.959550, 5143
1699368032.313000, 5168
1699368033.667691, 5194
1699368035.044340, 5218
1699368036.393900, 5243
1699368037.785382, 5270
1699368039.131635, 5296
1699368040.526573, 5320
1699368041.884437, 5345
1699368043.232093, 5370
1699368044.582095, 5393
1699368046.010585, 5419
1699368047.354574, 5445
1699368048.745650, 5470
1699368050.101419, 5494
1699368051.406148, 5521
1699368052.747720, 5544
1699368054.142704, 5568
1699368055.501705, 5596
1699368056.818747, 5619
1699368058.158202, 5644
1699368059.703790, 5671
1699368061.064000, 5696
1699368062.423528, 5721
1699368063.821155, 5745
1699368065.148407, 5770
1699368066.805366, 5800
1699368068.275158, 5825
1699368069.959741, 5851
1699368071.287438, 5883
1699368072.701168, 5906
1699368074.086577, 5930
1699368075.404588, 5957
1699368077.247869, 5986
1699368078.627608, 6012
1699368080.048734, 6035
1699368081.357515, 6062
1699368083.137471, 6094
1699368084.456085, 6119
1699368085.874876, 6146
1699368087.295603, 6168
1699368088.679919, 6195
1699368090.078521, 6220
1699368091.474862, 6246
1699368092.902068, 6269
1699368094.264432, 6294
1699368095.658802, 6320
1699368097.024925, 6344
1699368098.374044, 6367
1699368099.787101, 6395
1699368101.205788, 6421
1699368102.618601, 6446
1699368103.988460, 6472
1699368105.387952, 6496
1699368106.742977, 6522
1699368108.106327, 6548
1699368109.426883, 6570
1699368110.805383, 6594
1699368112.205291, 6620
1699368113.556033, 6643
1699368114.877718, 6668
1699368116.226855, 6690
1699368117.599958, 6715
1699368118.915125, 6741
1699368120.568126, 6769
1699368121.877412, 6795
1699368123.277076, 6818
1699368124.684907, 6842
1699368126.551440, 6878
1699368127.857505, 6902
1699368129.203486, 6924
1699368130.527123, 6948
1699368131.879989, 6974
1699368133.349940, 7000
1699368134.694448, 7023
1699368136.199235, 7050
1699368137.573851, 7073
1699368139.043391, 7103
1699368140.400655, 7127
1699368141.804559, 7154
1699368143.180463, 7179
1699368144.581861, 7201
1699368145.993388, 7228
1699368147.357647, 7250
1699368148.762771, 7277
1699368150.086245, 7303
1699368151.435243, 7327
1699368153.036362, 7356
1699368154.417429, 7379
1699368155.764002, 7405
1699368157.122725, 7425
1699368158.513899, 7451
1699368159.914803, 7478
1699368161.303557, 7504
1699368162.839814, 7531
1699368164.184554, 7555
1699368165.549146, 7582
1699368167.242307, 7610
1699368168.739497, 7635
1699368170.063574, 7661
1699368171.441553, 7683
1699368172.767610, 7711
1699368174.154935, 7735
1699368175.727673, 7764
1699368177.110896, 7788
1699368178.465850, 7813
1699368179.768506, 7837
1699368181.297825, 7863
1699368182.682464, 7889
1699368184.074585, 7915
1699368185.449708, 7939
1699368186.862004, 7964
1699368188.274104, 7992
1699368189.636953, 8017
1699368191.238028, 8046
1699368192.548515, 8068
1699368193.889253, 8092
1699368195.220778, 8115
1699368196.590832, 8140
1699368197.988612, 8164
1699368199.372512, 8188
1699368200.759268, 8214
1699368202.210634, 8241
1699368203.527662, 8265
1699368204.867200, 8290
1699368206.252337, 8313
1699368207.748196, 8339
1699368209.120943, 8365
1699368210.679060, 8391
1699368212.384176, 8422
1699368213.946460, 8449
1699368215.269274, 8475
1699368216.647257, 8499
1699368218.075229, 8523
1699368219.479559, 8551
1699368220.874312, 8575
1699368222.237230, 8598
1699368223.686731, 8624
1699368225.171977, 8651
1699368226.699652, 8681
1699368228.055452, 8707
1699368229.383204, 8730
1699368230.747725, 8753
1699368232.201250, 8778
1699368233.621782, 8804
1699368235.024464, 8831
1699368236.360131, 8857
1699368237.743065, 8881
1699368239.093229, 8906
1699368240.417868, 8930
1699368241.784936, 8953
1699368243.186201, 8978
1699368244.622825, 9005
1699368245.948883, 9026
1699368247.213775, 9051
1699368248.580208, 9075
1699368249.995504, 9098
1699368251.400379, 9124
1699368252.811142, 9150
1699368254.223232, 9176
1699368255.548215, 9199
1699368256.915586, 9225
1699368258.326316, 9249
1699368259.608930, 9272
1699368260.979042, 9297
1699368262.604352, 9325
1699368264.022933, 9350
1699368265.462868, 9377
1699368266.831982, 9402
1699368268.220021, 9425
1699368269.603187, 9452
1699368271.017804, 9477
1699368272.458240, 9504
1699368273.794376, 9528
1699368275.102048, 9553
1699368276.469163, 9576
1699368278.009131, 9605
1699368279.385945, 9628
1699368280.690724, 9652
1699368282.037264, 9676
1699368283.385192, 9699
1699368284.975984, 9728
1699368286.373028, 9755
1699368287.754560, 9780
1699368289.117002, 9804
1699368290.476185, 9826
1699368291.806841, 9852
1699368293.135442, 9875
1699368294.683017, 9901
1699368296.065221, 9928
1699368297.428738, 9954
1699368298.756861, 9976
1699368300.205202, 10001
1699368301.597087, 10025
1699368303.352255, 10059
1699368304.788169, 10085
1699368306.175154, 10109
1699368307.490321, 10134
1699368308.876004, 10158
1699368310.189888, 10183
1699368311.693700, 10210
1699368313.051453, 10234
1699368314.473902, 10259
1699368315.803438, 10282
1699368317.165317, 10306
1699368318.519557, 10332
1699368319.900109, 10356
1699368321.301590, 10384
1699368322.684951, 10408
1699368324.006309, 10432
1699368325.382074, 10457
1699368326.775241, 10482
1699368328.136519, 10507
1699368329.545521, 10530
1699368330.892107, 10556
1699368332.273320, 10581
1699368333.673565, 10604
1699368335.125345, 10631
1699368336.479411, 10656
1699368337.867666, 10680
1699368339.218944, 10703
1699368340.497980, 10728
1699368341.887346, 10750
1699368343.254730, 10776
1699368344.571468, 10802
1699368345.935218, 10822
1699368347.367639, 10849
1699368348.743323, 10876
1699368350.168020, 10898
1699368351.524534, 10926
1699368352.864209, 10950
1699368354.266909, 10974
1699368355.607282, 10998
1699368356.992790, 11022
1699368358.310147, 11049
1699368359.660917, 11071
1699368361.021291, 11096
1699368362.390232, 11120
1699368363.804581, 11146
1699368365.168007, 11171
1699368366.528570, 11194
1699368367.943894, 11222
1699368369.364401, 11245
1699368370.768546, 11272
1699368372.079582, 11295
1699368373.391121, 11318
1699368374.827007, 11344
1699368376.294505, 11370
1699368377.684683, 11395
1699368379.095715, 11420
1699368380.430253, 11446
1699368381.725886, 11469
1699368383.127840, 11493
1699368384.506981, 11519
1699368385.858963, 11542
1699368387.214328, 11569
1699368388.577487, 11593
1699368389.991423, 11617
1699368391.297773, 11645
1699368392.673877, 11669
1699368394.088636, 11694
1699368395.417464, 11719
1699368396.790755, 11743
1699368398.202881, 11770
1699368399.558899, 11793
1699368400.880352, 11821
1699368402.235043, 11844
1699368403.675503, 11869
1699368405.006520, 11894
1699368406.385663, 11916
1699368407.754555, 11943
1699368409.091859, 11965
1699368410.390826, 11988
1699368411.817186, 12012
1699368413.160851, 12038
1699368414.520613, 12061
1699368415.865124, 12085
1699368417.247344, 12111
1699368418.642653, 12136
1699368420.040631, 12161
1699368421.341491, 12182
1699368422.668733, 12206
1699368424.038156, 12231
1699368425.420624, 12255
1699368426.885870, 12280
1699368428.207243, 12305
1699368429.569575, 12329
1699368430.949198, 12351
1699368432.401547, 12376
1699368433.783113, 12403
1699368435.271366, 12431
1699368436.624462, 12454
1699368437.972044, 12478
1699368439.443707, 12504
1699368440.773070, 12529
1699368442.258933, 12554
1699368443.755766, 12581
1699368445.303168, 12610
1699368446.686090, 12633
1699368448.044093, 12657
1699368449.382311, 12682
1699368450.704833, 12707
1699368452.074744, 12730
1699368453.482666, 12756
1699368454.792470, 12779
1699368456.164496, 12804
1699368457.556251, 12828
1699368458.879944, 12853
1699368460.212461, 12876
1699368461.563326, 12900
1699368462.952302, 12926
1699368464.303654, 12951
1699368465.681246, 12974
1699368467.004561, 12998
1699368468.438685, 13023
1699368469.804535, 13045
1699368471.172668, 13073
1699368472.555435, 13098
1699368474.047992, 13124
1699368475.455939, 13149
1699368476.862709, 13174
1699368478.195278, 13198
1699368479.580855, 13222
1699368480.980892, 13248
1699368482.442372, 13273
1699368483.958590, 13299
1699368485.939915, 13337
1699368487.325688, 13360
1699368488.684129, 13386
1699368490.148551, 13412
1699368491.524764, 13438
1699368492.967358, 13464
1699368494.327700, 13489
1699368495.856280, 13515
1699368497.972528, 13553
1699368499.341549, 13579
1699368500.646196, 13602
1699368502.295280, 13631
1699368503.682329, 13655
1699368505.066187, 13681
1699368506.427951, 13705
1699368507.953013, 13733
1699368509.275184, 13757
1699368510.637883, 13779
1699368512.100465, 13805
1699368514.388124, 13849
1699368515.945685, 13875
1699368517.294381, 13901
1699368518.685143, 13924
1699368520.278591, 13952
1699368521.655750, 13975
1699368522.980607, 14002
1699368524.353944, 14026
1699368525.812015, 14051
1699368527.298679, 14077
1699368528.709653, 14104
1699368530.069871, 14127
1699368531.717317, 14158
1699368533.070495, 14182
1699368534.377113, 14205
1699368536.408284, 14240
1699368537.782203, 14266
1699368539.105020, 14290
1699368540.663852, 14318
1699368542.506175, 14351
1699368543.863581, 14377
1699368545.258920, 14403
1699368546.612998, 14427
1699368548.023665, 14451
1699368549.392244, 14476
1699368550.763466, 14501
1699368552.129617, 14524
1699368553.498672, 14549
1699368554.883454, 14575
1699368556.220005, 14598
1699368557.617016, 14624
1699368558.926693, 14647
1699368560.616006, 14675
1699368561.969942, 14698
1699368563.283694, 14723
1699368564.687245, 14748
1699368566.152608, 14774
1699368567.509894, 14796
1699368568.856789, 14821
1699368570.414347, 14849
1699368571.834713, 14877
1699368573.151016, 14898
1699368574.467122, 14923
1699368575.866720, 14948
1699368577.251980, 14975
1699368578.662240, 14998
1699368580.207564, 15024
1699368581.559498, 15051
1699368582.957695, 15074
1699368584.426638, 15102
1699368585.830489, 15127
1699368587.173581, 15151
1699368588.627507, 15177
1699368590.032483, 15202
1699368591.443916, 15229
1699368592.789411, 15254
1699368594.463629, 15283
1699368595.821129, 15308
1699368597.184288, 15330
1699368598.497240, 15354
1699368599.884948, 15380
1699368601.256315, 15404
1699368602.643042, 15428
1699368604.065146, 15454
1699368605.741653, 15483
1699368607.300405, 15513
1699368608.724195, 15539
1699368610.137023, 15564
1699368611.567644, 15590
1699368612.934331, 15612
1699368614.255646, 15638
1699368615.608628, 15661
1699368617.101647, 15689
1699368618.432777, 15712
1699368619.784485, 15737
1699368621.196653, 15761
1699368622.563570, 15788
1699368624.214974, 15817
1699368625.565406, 15839
1699368627.134460, 15870
1699368628.797374, 15900
1699368630.231597, 15926
1699368631.609245, 15950
1699368633.068932, 15975
1699368634.445370, 16001
1699368635.886412, 16026
1699368637.310360, 16049
1699368638.667131, 16075
1699368639.972272, 16097
1699368641.395606, 16123
1699368642.750498, 16147
1699368644.141575, 16172
1699368645.746295, 16202
1699368647.117568, 16228
1699368648.500194, 16249
1699368649.842088, 16273
1699368651.453872, 16301
1699368652.865386, 16327
1699368654.268832, 16354
1699368655.598150, 16377
1699368657.342505, 16407
1699368658.744510, 16435
1699368660.204952, 16460
1699368662.070436, 16493
1699368664.619056, 16539
1699368666.349232, 16571
1699368667.850115, 16598
1699368669.636522, 16631
1699368671.228508, 16659
1699368672.792190, 16684
1699368674.501225, 16718
1699368675.845117, 16739
1699368677.245276, 16767
1699368679.099128, 16799
1699368680.807060, 16829
1699368682.216632, 16854
1699368683.591172, 16878
1699368684.978890, 16903
1699368686.416680, 16928
1699368687.764117, 16952
1699368689.888395, 16991
1699368692.143416, 17033
1699368693.582926, 17057
1699368694.976302, 17083
1699368696.359760, 17105
1699368697.853097, 17132
1699368699.313180, 17157
1699368700.687180, 17184
1699368702.096123, 17207
1699368703.465852, 17232
1699368704.823340, 17256
1699368706.167601, 17280
1699368707.565309, 17304
1699368709.014889, 17330
1699368710.405606, 17355
1699368711.722180, 17378
1699368713.150168, 17407
1699368714.597385, 17433
1699368715.938138, 17459
1699368717.314944, 17482
1699368718.617961, 17508
1699368720.026265, 17531
1699368721.640791, 17561
1699368722.990086, 17586
1699368724.365015, 17608
1699368725.782730, 17636
1699368727.155669, 17658
1699368728.577072, 17683
1699368729.924077, 17709
1699368731.239229, 17733
1699368732.642728, 17756
1699368734.062224, 17783
1699368735.435872, 17806
1699368736.818731, 17832
1699368738.140800, 17857
1699368739.508739, 17880
1699368740.879577, 17907
1699368742.269400, 17928
1699368743.996973, 17963
1699368745.396291, 17989
1699368746.727850, 18010
1699368748.096560, 18035
1699368749.430561, 18061
1699368750.810087, 18086
1699368752.182132, 18108
1699368753.527542, 18133
1699368754.958882, 18158
1699368756.342300, 18185
1699368757.742167, 18211
1699368759.104731, 18234
1699368760.469354, 18261
1699368761.904112, 18285
1699368763.321595, 18309
1699368764.711862, 18333
1699368766.064255, 18359
1699368767.408690, 18382
1699368768.781760, 18408
1699368770.156443, 18433
1699368771.533926, 18458
1699368772.933599, 18481
1699368774.298568, 18506
1699368775.682889, 18531
1699368776.994878, 18555
1699368778.320503, 18578
1699368779.674484, 18603
1699368781.026959, 18629
1699368782.450544, 18653
1699368784.026942, 18683
1699368785.362159, 18705
1699368786.732284, 18730
1699368788.145928, 18755
1699368789.794299, 18786
1699368791.159979, 18810
1699368792.567522, 18837
1699368793.968182, 18862
1699368795.340062, 18885
1699368796.704052, 18910
1699368798.068666, 18934
1699368799.397176, 18959
1699368800.902179, 18985
1699368802.329784, 19010
1699368803.721726, 19035
1699368805.086760, 19059
1699368806.473114, 19085
1699368807.960371, 19113
1699368809.296706, 19136
1699368810.641591, 19156
1699368811.967129, 19183
1699368813.400523, 19207
1699368814.756487, 19233
1699368816.737748, 19268
1699368818.359415, 19300
1699368819.761693, 19321
1699368821.182456, 19347
1699368822.566181, 19373
1699368824.505849, 19407
1699368826.220820, 19441
1699368828.127308, 19473
1699368830.172488, 19512
1699368832.035803, 19545
1699368834.386144, 19585
1699368836.176012, 19618
1699368837.652275, 19645
1699368839.035901, 19669
1699368840.428474, 19694
1699368841.803598, 19720
1699368843.211631, 19746
1699368844.597006, 19771
1699368845.954537, 19794
1699368847.408336, 19819
1699368849.014961, 19849
1699368850.319502, 19873
1699368851.693185, 19898
1699368853.088892, 19922
1699368854.398779, 19945
1699368855.784003, 19968
1699368857.126073, 19994
1699368858.586365, 20020
1699368859.921981, 20045
1699368861.313875, 20069
1699368862.647931, 20093
1699368864.765961, 20131
1699368867.302656, 20179
1699368869.006340, 20209
1699368870.348562, 20234
1699368871.760259, 20257
1699368873.102630, 20282
1699368874.479457, 20308
1699368875.972435, 20335
1699368877.432406, 20360
1699368878.779690, 20383
1699368880.110038, 20408
1699368881.675097, 20438
1699368883.009697, 20462
1699368884.316218, 20483
1699368885.645345, 20509
1699368887.041482, 20532
1699368888.414637, 20557
1699368889.764198, 20582
1699368891.129811, 20607
1699368892.500071, 20631
1699368893.876059, 20657
1699368895.584293, 20687
1699368897.229067, 20716
1699368898.925824, 20747
1699368900.418233, 20775
1699368901.791899, 20800
1699368903.396584, 20828
1699368904.766607, 20854
1699368906.166756, 20878
1699368907.499690, 20905
1699368908.892033, 20928
1699368910.368984, 20952
1699368911.704622, 20979
1699368913.132072, 21006
1699368914.466839, 21029
1699368915.922971, 21051
1699368917.300433, 21079
