1701182120.545525, 88
1701182121.914223, 168
1701182123.355634, 249
1701182124.829196, 330
1701182126.221655, 401
1701182127.659811, 476
1701182129.016055, 544
1701182130.625433, 624
1701182132.050814, 694
1701182133.481370, 765
1701182134.915256, 831
1701182136.348578, 900
1701182137.742048, 964
1701182139.143716, 1029
1701182140.434485, 1087
1701182142.063098, 1162
1701182143.581646, 1232
1701182144.908026, 1294
1701182146.370918, 1361
1701182147.764153, 1425
1701182149.107419, 1490
1701182150.507794, 1559
1701182151.865456, 1624
1701182153.267766, 1694
1701182155.314935, 1782
1701182156.954084, 1872
1701182158.366740, 1946
1701182159.779834, 2011
1701182161.160887, 2079
1701182162.575995, 2145
1701182164.055446, 2215
1701182165.390319, 2273
1701182166.779169, 2343
1701182168.125759, 2408
1701182169.467495, 2460
1701182171.134750, 2460
1701182172.617004, 2460
1701182174.139946, 2460
1701182175.758153, 2460
1701182177.142409, 2460
1701182178.569647, 2460
1701182179.953993, 2460
1701182181.751243, 2460
1701182183.080356, 2460
1701182184.459218, 2460
1701182185.847306, 2460
1701182187.221986, 2460
1701182188.688790, 2460
1701182190.075094, 2460
1701182191.404734, 2460
1701182192.767601, 2460
1701182194.136325, 2460
1701182195.589081, 2460
1701182196.942899, 2460
1701182198.335435, 2460
1701182199.873371, 2460
1701182201.208833, 2460
1701182202.576169, 2460
1701182204.064071, 2460
1701182205.398443, 2460
1701182206.745770, 2460
1701182208.078315, 2460
1701182209.423758, 2460
1701182210.705929, 2460
1701182212.036785, 2460
1701182213.406672, 2460
1701182214.928256, 2460
1701182216.296288, 2460
1701182217.698463, 2460
1701182219.102283, 2460
1701182220.505947, 2460
1701182221.812083, 2460
1701182223.131639, 2460
1701182224.465026, 2460
1701182225.790109, 2460
1701182227.262399, 2460
1701182228.656950, 2460
1701182229.969956, 2460
1701182231.274175, 2460
1701182232.556731, 2460
1701182233.878233, 2460
1701182235.226194, 2460
1701182236.590590, 2460
1701182237.911282, 2460
1701182239.363143, 2460
1701182240.741427, 2460
1701182242.169996, 2460
1701182243.549146, 2460
1701182244.951747, 2460
1701182246.495375, 2460
1701182247.787446, 2460
1701182249.152823, 2460
1701182250.490398, 2460
1701182251.748952, 2460
1701182253.659901, 2460
1701182255.501693, 2460
1701182256.794800, 2460
1701182258.167650, 2460
1701182259.700803, 2460
1701182261.118120, 2460
1701182262.460862, 2460
1701182263.777581, 2460
1701182265.189953, 2460
1701182266.834469, 2460
1701182268.205816, 2460
1701182269.484938, 2460
1701182270.884705, 2460
1701182272.273744, 2460
1701182273.611301, 2460
1701182274.954651, 2460
1701182276.295414, 2460
1701182277.616224, 2460
1701182279.054972, 2460
1701182280.412455, 2460
1701182281.735068, 2460
1701182283.058834, 2460
1701182284.404024, 2460
1701182285.729992, 2460
1701182287.015208, 2460
1701182288.331464, 2460
1701182289.684083, 2460
1701182291.038542, 2460
1701182292.328174, 2460
1701182293.673879, 2460
1701182295.046249, 2460
1701182296.422938, 2460
1701182297.787198, 2460
1701182299.101351, 2460
1701182300.453010, 2460
1701182301.761059, 2460
1701182303.108455, 2460
1701182304.422482, 2460
1701182305.778039, 2460
1701182307.091195, 2460
1701182308.500777, 2460
1701182309.901455, 2460
1701182311.341178, 2460
1701182312.723699, 2460
1701182314.153977, 2460
1701182315.554768, 2460
1701182316.915469, 2460
1701182318.453268, 2460
1701182319.830052, 2460
1701182321.133985, 2460
1701182322.535149, 2460
1701182323.925941, 2460
1701182325.315709, 2460
1701182326.785982, 2460
1701182328.079049, 2460
1701182329.433900, 2460
1701182330.996444, 2460
1701182332.324633, 2460
1701182333.693453, 2460
1701182335.066313, 2460
1701182336.443224, 2460
1701182337.985818, 2460
1701182339.375128, 2460
1701182340.780734, 2460
1701182342.221487, 2460
1701182343.578990, 2460
1701182344.887417, 2460
1701182346.247048, 2460
1701182347.614716, 2460
1701182349.024961, 2460
1701182350.367595, 2460
1701182351.653882, 2460
1701182352.942706, 2460
1701182354.310702, 2460
1701182355.634147, 2460
1701182357.025988, 2460
1701182358.404991, 2460
1701182359.747159, 2460
1701182361.119195, 2460
1701182362.481847, 2460
1701182363.873517, 2460
1701182365.750686, 2460
1701182367.128957, 2460
1701182368.482523, 2460
1701182369.856990, 2460
1701182371.320446, 2460
1701182372.632746, 2460
1701182373.963181, 2460
1701182375.297632, 2460
1701182376.642294, 2460
1701182377.939825, 2460
1701182379.258999, 2460
1701182380.582869, 2460
1701182381.975829, 2460
1701182383.354928, 2460
1701182384.759753, 2460
1701182386.136271, 2460
1701182387.506134, 2460
1701182388.905746, 2460
1701182390.254809, 2460
1701182391.597584, 2460
1701182392.965964, 2460
1701182394.387512, 2460
1701182395.997955, 2460
1701182397.443517, 2460
1701182398.815754, 2460
1701182400.070634, 2460
1701182401.449309, 2460
1701182403.048500, 2460
1701182404.342060, 2460
1701182405.873476, 2460
1701182407.235620, 2460
1701182408.643469, 2460
1701182410.090512, 2460
1701182411.894351, 2460
1701182413.270381, 2460
1701182414.996024, 2460
1701182416.373823, 2460
1701182417.705945, 2460
1701182419.014205, 2460
