1699957855.030148, 0
1699957856.832071, 0
1699957858.171695, 0
1699957859.566448, 0
1699957861.173492, 0
1699957862.612720, 0
1699957864.068390, 0
1699957865.563374, 0
1699957867.184610, 0
1699957868.597561, 0
1699957869.974818, 0
1699957871.620166, 0
1699957873.069419, 0
1699957874.534693, 0
1699957876.024026, 0
1699957877.709769, 0
1699957879.161877, 0
1699957880.614528, 0
1699957882.109891, 0
1699957883.625351, 0
1699957885.000240, 0
1699957886.357554, 0
1699957887.782943, 0
1699957889.193006, 0
1699957890.590029, 0
1699957891.991258, 0
1699957893.437668, 0
1699957894.874613, 0
1699957896.319461, 0
1699957897.775303, 0
1699957899.259199, 0
1699957900.838628, 0
1699957902.237613, 0
1699957903.861568, 0
1699957905.565473, 0
1699957907.181967, 0
1699957908.778441, 0
1699957910.286448, 0
1699957911.936383, 0
1699957913.386033, 0
1699957914.833793, 0
1699957916.319118, 0
1699957918.017030, 0
1699957919.497625, 0
1699957920.967562, 0
1699957922.753530, 0
1699957924.310773, 0
1699957925.843112, 0
1699957927.471290, 0
1699957929.247816, 0
1699957930.800786, 0
1699957932.250522, 0
1699957933.767654, 0
1699957935.421920, 0
1699957937.366666, 1
1699957938.821364, 1
1699957940.362924, 1
1699957941.936573, 3
1699957943.455723, 3
1699957944.864112, 3
1699957946.332937, 3
1699957947.664750, 3
1699957949.034833, 3
1699957950.473082, 3
1699957951.925254, 3
1699957953.337547, 3
1699957954.728380, 3
1699957956.066086, 3
1699957957.377082, 3
1699957958.820523, 3
1699957960.195120, 3
1699957961.585704, 3
1699957962.968481, 3
1699957964.326934, 3
1699957965.725164, 3
1699957967.119664, 3
1699957968.480464, 3
1699957969.891919, 3
1699957971.235734, 3
1699957972.639782, 3
1699957974.114804, 3
1699957975.609723, 3
1699957976.936520, 3
1699957978.314534, 3
1699957979.708687, 3
1699957981.121083, 3
1699957982.464918, 3
1699957983.871038, 3
1699957985.295844, 3
1699957986.809803, 3
1699957988.177447, 3
1699957989.507419, 3
1699957990.899502, 3
1699957992.208846, 3
1699957993.818844, 3
1699957995.174892, 3
1699957996.538349, 3
1699957997.956334, 3
1699957999.491829, 3
1699958000.947627, 3
1699958002.258970, 3
1699958003.625282, 3
1699958005.084437, 3
1699958006.523292, 3
1699958007.897430, 3
1699958009.225420, 3
1699958010.677921, 3
1699958012.132127, 3
1699958013.541536, 3
1699958014.977264, 3
1699958016.414204, 3
1699958017.762392, 3
1699958019.182716, 3
1699958020.626085, 3
1699958022.227064, 3
1699958023.607970, 3
1699958025.042364, 3
1699958026.404366, 3
1699958027.734582, 3
1699958029.140778, 3
1699958030.552170, 3
1699958031.979157, 3
1699958033.411290, 3
1699958034.688532, 3
1699958036.076516, 3
1699958037.407605, 3
1699958038.765544, 3
1699958040.142544, 3
1699958041.507383, 3
1699958042.943094, 3
1699958044.451426, 3
1699958045.858265, 3
1699958047.227238, 3
1699958048.620185, 3
1699958050.187340, 3
1699958051.568299, 3
1699958052.946810, 3
1699958054.366695, 3
1699958055.868553, 3
1699958057.258241, 3
1699958058.698901, 3
1699958060.175170, 3
1699958061.647515, 3
1699958063.045146, 3
1699958064.419281, 3
1699958065.741170, 3
1699958067.338107, 3
1699958068.784411, 3
1699958070.115549, 3
1699958071.528047, 3
1699958073.087726, 3
1699958074.487261, 3
1699958075.864090, 3
1699958077.271660, 3
1699958078.761035, 3
1699958080.214734, 3
1699958081.495430, 3
1699958082.883998, 3
1699958084.304737, 3
1699958085.701770, 3
1699958087.025132, 3
1699958088.387969, 3
1699958089.702698, 3
1699958091.089162, 3
1699958092.425630, 4
1699958093.813588, 4
1699958095.162836, 4
1699958096.584521, 4
1699958098.095114, 4
1699958099.475619, 4
1699958100.905376, 5
1699958102.323908, 6
1699958103.764186, 6
1699958105.198467, 6
1699958106.580154, 6
1699958108.000722, 6
1699958109.433403, 6
1699958110.868603, 6
1699958112.248595, 6
1699958113.649167, 6
1699958114.992579, 6
1699958116.365193, 6
1699958117.825668, 6
1699958119.334852, 6
1699958120.684830, 6
1699958122.018545, 6
1699958123.476788, 6
1699958124.921561, 6
1699958126.284521, 6
1699958127.702762, 6
1699958129.142694, 6
1699958130.877255, 6
1699958132.309709, 6
1699958133.720488, 6
1699958135.116176, 6
1699958136.549288, 6
1699958138.008613, 6
1699958139.463113, 6
1699958140.829866, 6
1699958142.335575, 6
1699958143.688836, 6
1699958145.088297, 6
1699958146.464838, 6
1699958148.080802, 6
1699958149.498137, 6
1699958150.866075, 6
1699958152.332736, 6
1699958153.891227, 6
1699958155.243193, 6
1699958156.635906, 6
1699958158.444571, 6
1699958160.011542, 6
1699958161.408441, 6
1699958162.781525, 6
1699958164.174032, 6
1699958165.648508, 6
1699958166.995377, 6
1699958168.367609, 6
1699958169.661928, 6
1699958171.034242, 6
1699958172.462440, 6
1699958173.828223, 6
1699958175.195604, 6
1699958176.760196, 6
1699958178.187148, 6
1699958179.530507, 6
1699958180.954845, 6
1699958182.535703, 6
1699958183.904538, 6
1699958185.306215, 6
1699958186.668658, 6
1699958188.349100, 6
1699958189.737454, 6
1699958191.165389, 6
1699958192.561874, 6
1699958194.134230, 6
1699958195.494275, 6
1699958196.951198, 6
1699958198.370821, 6
1699958199.957602, 6
1699958201.389761, 6
1699958202.781478, 6
1699958204.171238, 6
1699958205.687906, 6
1699958207.079757, 6
1699958208.426907, 6
1699958209.749390, 6
1699958211.303606, 6
1699958212.746472, 6
1699958214.101935, 6
1699958215.515435, 6
1699958217.115448, 6
1699958218.454689, 6
1699958219.817364, 6
1699958221.216372, 6
1699958222.715206, 6
1699958224.057767, 6
1699958225.459959, 6
1699958226.868754, 6
1699958228.331625, 6
1699958229.678764, 6
1699958231.022976, 6
1699958232.318095, 6
1699958233.799097, 6
1699958235.191737, 6
1699958236.603254, 6
1699958238.042344, 6
1699958239.402004, 6
1699958240.885147, 6
1699958242.275100, 6
1699958243.645289, 6
1699958245.071275, 7
1699958246.532360, 7
1699958247.989006, 8
1699958249.377248, 8
1699958250.815639, 8
1699958252.313980, 8
1699958253.788934, 8
1699958255.247020, 8
1699958256.649748, 8
1699958258.058579, 9
1699958259.524021, 9
1699958260.903769, 9
1699958262.302662, 9
1699958263.759352, 9
1699958265.239784, 9
1699958266.619625, 9
1699958268.038810, 9
1699958269.457592, 9
1699958270.815889, 9
1699958272.188719, 9
1699958273.580030, 9
1699958274.991189, 9
1699958276.420129, 9
1699958277.854950, 9
1699958279.284084, 9
1699958280.733033, 9
1699958282.138762, 9
1699958283.566213, 9
1699958285.107248, 9
1699958286.523741, 9
1699958288.010747, 9
1699958289.373550, 9
1699958290.757018, 9
1699958292.210372, 9
1699958293.602463, 9
1699958294.986506, 9
1699958296.376306, 9
1699958297.813365, 9
1699958299.207959, 9
1699958300.504715, 9
1699958301.904126, 9
1699958303.371813, 9
1699958304.800872, 9
1699958306.184699, 9
1699958307.717706, 9
1699958309.338037, 9
1699958310.753008, 9
1699958312.134480, 9
1699958313.835849, 9
1699958315.199363, 9
1699958316.508425, 9
1699958317.885422, 9
1699958319.267850, 9
1699958320.702795, 9
1699958322.060581, 9
1699958323.528595, 9
1699958324.947439, 9
1699958326.543308, 9
1699958327.881614, 9
1699958329.338601, 9
1699958330.808658, 9
1699958332.332787, 9
1699958333.775198, 9
1699958335.130652, 9
1699958336.535844, 9
1699958338.112461, 9
1699958339.496525, 9
1699958340.977440, 9
1699958342.388378, 9
1699958343.929857, 9
1699958345.270464, 9
1699958346.627930, 9
1699958348.044304, 9
1699958349.530312, 9
1699958350.931071, 9
1699958352.253380, 9
1699958353.596434, 9
1699958355.151071, 9
1699958356.591049, 9
1699958357.984416, 9
1699958359.343817, 9
1699958360.936907, 9
1699958362.493057, 9
1699958363.818712, 9
1699958365.213618, 9
1699958366.791717, 9
1699958368.143889, 9
1699958369.563033, 9
1699958370.992579, 9
1699958372.750382, 9
1699958374.121879, 9
1699958375.545434, 9
1699958376.991891, 9
1699958378.531380, 9
1699958379.935453, 9
1699958381.387578, 9
1699958382.800972, 9
1699958384.146170, 9
1699958385.532534, 9
1699958386.922852, 9
1699958388.356192, 9
1699958389.955546, 9
1699958391.372441, 9
1699958392.771738, 9
1699958394.313766, 9
1699958395.733099, 9
1699958397.368972, 9
1699958398.823971, 9
1699958400.197380, 10
1699958401.600069, 10
1699958402.982550, 11
1699958404.310995, 11
1699958405.701781, 11
1699958407.140511, 11
1699958408.530792, 11
1699958409.933099, 11
1699958411.386709, 11
1699958412.902102, 11
1699958414.396501, 11
1699958415.759702, 12
1699958417.161944, 12
1699958418.694707, 12
1699958420.108079, 12
1699958421.506145, 12
1699958422.896273, 12
1699958424.565384, 12
1699958426.097880, 12
1699958427.560293, 12
1699958428.961730, 12
1699958430.380671, 12
1699958431.785238, 12
1699958433.173332, 12
1699958434.607837, 12
1699958436.010276, 12
1699958437.339520, 12
1699958438.713045, 12
1699958440.123859, 12
1699958441.568408, 12
1699958442.994869, 12
1699958444.386729, 12
1699958445.719287, 12
1699958447.173295, 12
1699958449.010566, 12
1699958450.462660, 12
1699958451.904767, 12
1699958453.440026, 12
