1699952748.440472, 0
1699952749.837534, 0
1699952751.237616, 0
1699952752.577243, 0
1699952753.980968, 0
1699952755.378783, 0
1699952756.804945, 0
1699952758.224719, 0
1699952759.853687, 0
1699952761.294109, 0
1699952762.741744, 0
1699952764.079923, 0
1699952765.643568, 0
1699952767.028585, 0
1699952768.475377, 0
1699952769.901057, 0
1699952771.315776, 0
1699952772.672998, 0
1699952774.108384, 0
1699952775.485597, 0
1699952777.029516, 0
1699952778.369204, 1
1699952779.747693, 1
1699952781.137284, 1
1699952782.592533, 4
1699952783.994722, 6
1699952785.383869, 6
1699952786.763484, 6
1699952788.124938, 6
1699952789.528714, 6
1699952790.844358, 6
1699952792.213662, 6
1699952793.600857, 6
1699952795.090718, 6
1699952796.487556, 6
1699952797.857865, 6
1699952799.282449, 6
1699952800.630383, 6
1699952801.984877, 6
1699952803.356582, 6
1699952804.695770, 6
1699952806.021641, 6
1699952807.404055, 6
1699952808.831815, 6
1699952810.234517, 6
1699952811.622591, 6
1699952813.028187, 6
1699952814.435412, 6
1699952815.833997, 6
1699952817.170398, 6
1699952818.510832, 6
1699952819.837859, 6
1699952821.170926, 6
1699952822.504081, 6
1699952823.877676, 6
1699952825.237054, 6
1699952826.575041, 6
1699952827.973429, 6
1699952829.385226, 6
1699952830.747468, 6
1699952832.198845, 6
1699952833.613659, 6
1699952834.976263, 7
1699952836.377217, 7
1699952837.726378, 7
1699952839.067781, 7
1699952840.605374, 7
1699952841.987865, 7
1699952843.303740, 8
1699952844.676965, 8
1699952846.228359, 9
1699952847.570617, 10
1699952848.899386, 11
1699952850.276460, 12
1699952851.791119, 12
1699952853.169238, 12
1699952854.683229, 12
1699952856.108580, 12
1699952857.797876, 12
1699952859.147096, 12
1699952860.588155, 12
1699952861.973603, 12
1699952863.562781, 12
1699952864.866976, 12
1699952866.278062, 12
1699952867.626401, 12
1699952869.152688, 12
1699952870.522774, 12
1699952871.885034, 12
1699952873.272679, 12
1699952874.680930, 12
1699952876.046196, 12
1699952877.460574, 12
1699952878.864694, 12
1699952880.314332, 12
1699952881.777519, 12
1699952883.170201, 12
1699952884.576101, 12
1699952885.916476, 12
1699952887.325176, 12
1699952888.682404, 12
1699952889.989294, 13
1699952891.339479, 13
1699952892.720891, 13
1699952894.065612, 13
1699952895.455999, 13
1699952896.871628, 13
1699952898.274735, 13
1699952899.668830, 13
1699952900.984140, 14
1699952902.365612, 14
1699952904.059335, 14
1699952905.408685, 14
1699952906.812332, 14
1699952908.201939, 15
1699952909.647548, 16
1699952910.978124, 17
1699952912.361394, 17
1699952913.787894, 18
1699952915.349297, 18
1699952916.724370, 18
1699952918.094610, 18
1699952919.533013, 18
1699952920.983722, 18
1699952922.311843, 18
1699952923.687998, 18
1699952925.059829, 18
1699952926.585768, 18
1699952928.080388, 18
1699952929.445175, 18
1699952930.883140, 18
1699952932.496053, 18
1699952933.946599, 18
1699952935.361660, 18
1699952936.698951, 18
1699952938.288876, 18
1699952939.652430, 18
1699952940.998105, 18
1699952942.425731, 18
1699952944.008124, 18
1699952945.337042, 19
1699952946.750023, 19
1699952948.186013, 19
1699952949.705527, 19
1699952951.067851, 19
1699952952.485492, 19
1699952953.880082, 19
1699952955.288223, 19
1699952956.717607, 20
1699952958.087732, 20
1699952959.455865, 20
1699952960.861168, 20
1699952962.254224, 20
1699952963.635322, 20
1699952965.010129, 20
1699952966.358754, 20
1699952967.701685, 20
1699952969.080043, 20
1699952970.471306, 20
1699952971.817593, 20
1699952973.138586, 21
1699952974.562909, 22
1699952975.868426, 23
1699952977.262042, 23
1699952978.591489, 23
1699952979.921339, 24
1699952981.291485, 24
1699952982.684191, 24
1699952984.315857, 24
1699952985.709761, 24
1699952987.101726, 24
1699952988.510023, 24
1699952990.079368, 24
1699952991.475248, 24
1699952992.853442, 24
1699952994.238968, 24
1699952995.683028, 24
1699952997.037906, 25
1699952998.483486, 25
1699952999.911510, 25
1699953001.534413, 25
1699953002.944681, 25
1699953004.276780, 25
1699953005.684576, 25
1699953007.108671, 25
1699953008.471490, 25
1699953009.835552, 25
1699953011.198175, 26
1699953012.574676, 26
1699953013.968328, 26
1699953015.340332, 26
1699953016.712640, 26
1699953018.127943, 26
1699953019.578138, 26
1699953021.011576, 26
1699953022.383964, 26
1699953023.759611, 26
1699953025.162608, 26
1699953026.531691, 27
1699953027.970406, 27
1699953029.372712, 27
1699953030.757803, 27
1699953032.150209, 27
1699953033.572575, 27
1699953035.009222, 27
1699953036.419941, 28
1699953037.768299, 29
1699953039.127341, 29
1699953040.563096, 30
1699953042.164712, 30
1699953043.525761, 31
1699953044.968062, 31
1699953046.392267, 32
1699953047.992717, 32
1699953049.419436, 32
1699953050.766394, 32
1699953052.227269, 32
1699953053.758941, 32
1699953055.177228, 32
1699953056.616191, 32
1699953057.999741, 32
1699953059.388000, 32
1699953060.812659, 32
1699953062.158390, 32
1699953063.599139, 32
1699953064.959178, 33
1699953066.413740, 33
1699953067.769466, 33
1699953069.111263, 33
1699953070.590857, 33
1699953071.925119, 33
1699953073.324618, 33
1699953074.712138, 33
1699953076.346468, 33
1699953077.730731, 33
1699953079.092487, 33
1699953080.497609, 33
1699953081.911587, 33
1699953083.350082, 33
1699953084.706063, 33
1699953086.097597, 33
1699953087.449031, 33
1699953089.010841, 34
1699953090.367219, 34
1699953091.767813, 34
1699953093.155190, 34
1699953094.541733, 34
1699953095.996001, 34
1699953097.339193, 35
1699953098.705294, 35
1699953100.091477, 36
1699953101.444524, 36
1699953102.792946, 36
1699953104.200005, 37
1699953105.635426, 38
1699953106.996228, 38
1699953108.365447, 38
1699953109.746963, 38
1699953111.104884, 38
1699953112.483777, 38
1699953113.892318, 38
1699953115.237314, 39
1699953116.833102, 39
1699953118.223246, 39
1699953119.652980, 39
1699953121.037065, 39
1699953122.487964, 39
1699953123.876555, 39
1699953125.238486, 40
1699953126.606150, 40
1699953128.173571, 40
1699953129.525146, 40
1699953130.978182, 40
1699953132.416013, 40
1699953133.894427, 41
1699953135.261366, 41
1699953136.729323, 41
1699953138.181879, 41
1699953139.645542, 41
1699953141.031285, 41
1699953142.813446, 41
1699953144.185508, 42
1699953145.491758, 42
1699953146.868932, 42
1699953148.204787, 43
1699953149.580493, 43
1699953150.996010, 43
1699953152.407095, 44
1699953153.781374, 44
1699953155.201849, 44
1699953156.579081, 45
1699953157.990416, 45
1699953159.385168, 45
1699953160.778538, 45
1699953162.199486, 45
1699953163.593740, 45
1699953165.017954, 46
1699953166.371861, 46
1699953167.698466, 46
1699953169.067953, 46
1699953170.467644, 46
1699953171.842701, 46
1699953173.228857, 46
1699953174.566813, 47
1699953175.916115, 47
1699953177.332774, 47
1699953179.105971, 48
1699953180.495696, 48
1699953181.877728, 48
1699953183.239606, 48
1699953184.606146, 49
1699953185.949965, 49
1699953187.252220, 49
1699953188.625724, 49
1699953190.086448, 49
1699953191.680236, 49
1699953193.337035, 49
1699953194.787529, 50
1699953196.233485, 50
1699953197.782353, 50
1699953199.178277, 50
1699953200.540725, 50
1699953201.897624, 50
1699953203.221104, 50
1699953204.604332, 50
1699953205.944496, 51
1699953207.307724, 51
1699953208.857853, 51
1699953210.246616, 51
1699953211.621261, 52
1699953213.000682, 52
1699953214.563956, 52
1699953216.036562, 52
1699953217.413099, 52
1699953218.857861, 53
1699953220.427166, 53
1699953221.784685, 53
1699953223.223006, 53
1699953224.657084, 53
1699953226.060767, 53
1699953227.435803, 53
1699953229.007013, 53
1699953230.385283, 53
1699953232.010202, 53
1699953233.369839, 53
1699953234.768242, 53
1699953236.109572, 53
1699953237.698278, 53
1699953239.082398, 53
1699953240.411293, 53
1699953241.748746, 53
1699953243.389778, 54
1699953244.699392, 54
1699953246.135279, 55
1699953247.436665, 55
1699953249.016050, 55
1699953250.363837, 55
1699953251.764606, 55
1699953253.173389, 55
1699953254.646417, 55
1699953256.014411, 55
1699953257.396629, 55
1699953258.810049, 55
1699953260.192331, 56
1699953261.548566, 56
1699953262.961246, 56
1699953264.392922, 57
1699953265.798282, 57
1699953267.147526, 58
1699953268.561152, 58
1699953269.972386, 58
1699953271.314586, 59
1699953272.754122, 59
1699953274.127923, 59
1699953275.508152, 59
1699953276.916358, 59
1699953278.294485, 59
1699953279.877920, 59
1699953281.417951, 59
1699953282.838162, 59
1699953284.269892, 59
1699953285.671327, 59
1699953287.010315, 59
1699953288.378493, 59
1699953289.752413, 59
1699953291.116925, 59
1699953292.485205, 59
1699953293.841106, 60
