1701162363.998322, 85
1701162365.457173, 150
1701162367.111521, 220
1701162368.712631, 284
1701162370.124471, 341
1701162371.546895, 399
1701162372.985076, 475
1701162374.306305, 533
1701162375.769370, 598
1701162377.183850, 657
1701162378.958136, 735
1701162380.336308, 790
1701162381.831385, 847
1701162383.177623, 899
1701162384.624006, 956
1701162385.998146, 1008
1701162387.433609, 1062
1701162388.882724, 1123
1701162390.366118, 1183
1701162391.737965, 1238
1701162393.157421, 1292
1701162394.603624, 1346
1701162396.082005, 1404
1701162397.517699, 1457
1701162399.060007, 1516
1701162400.467816, 1569
1701162401.825707, 1620
1701162403.248304, 1673
1701162404.704797, 1729
1701162406.067417, 1780
1701162407.414261, 1829
1701162408.808447, 1883
1701162410.084182, 1931
1701162411.534968, 1984
1701162413.245061, 2050
1701162414.629646, 2104
1701162416.723528, 2184
1701162418.248177, 2245
1701162419.622761, 2298
1701162420.976930, 2352
1701162422.323689, 2407
1701162423.707281, 2462
1701162425.026850, 2515
1701162426.364718, 2572
1701162427.776359, 2624
1701162429.112551, 2674
1701162430.591406, 2731
1701162431.917745, 2781
1701162433.287907, 2833
1701162434.628015, 2888
1701162436.105240, 2942
1701162437.577365, 3001
1701162438.982788, 3054
1701162440.414495, 3116
1701162441.992062, 3176
1701162443.574795, 3234
1701162445.046481, 3294
1701162446.403141, 3355
1701162447.799333, 3410
1701162449.189883, 3469
1701162450.491014, 3534
1701162451.930554, 3592
1701162453.426378, 3650
1701162454.915261, 3712
1701162456.353010, 3767
1701162457.714706, 3818
1701162460.003051, 3908
1701162461.464319, 3967
1701162462.849050, 4021
1701162464.165453, 4071
1701162465.636567, 4126
1701162467.072076, 4180
1701162468.406554, 4236
1701162469.863670, 4291
1701162471.262367, 4345
1701162472.558037, 4404
1701162473.982147, 4459
1701162475.352825, 4515
1701162476.775106, 4574
1701162478.110231, 4632
1701162479.538261, 4696
1701162480.897887, 4755
1701162482.198748, 4812
1701162484.711745, 4923
1701162486.203768, 4990
1701162487.587264, 5048
1701162489.090161, 5109
1701162490.501284, 5164
1701162491.935444, 5221
1701162493.533498, 5299
1701162494.909434, 5361
1701162496.413761, 5429
1701162497.755650, 5480
1701162500.494361, 5593
1701162501.941744, 5651
1701162503.425302, 5713
1701162504.844386, 5774
1701162506.202962, 5832
1701162507.535657, 5884
1701162508.984093, 5944
1701162510.491298, 6008
1701162512.026825, 6071
1701162513.361491, 6127
1701162514.751750, 6181
1701162516.268143, 6238
1701162517.858982, 6297
1701162519.218090, 6350
1701162520.717098, 6410
1701162522.221904, 6468
1701162523.799335, 6540
1701162525.235475, 6600
1701162526.746723, 6659
1701162528.285571, 6717
1701162529.777625, 6773
1701162531.304618, 6830
1701162532.777667, 6889
1701162534.210858, 6947
1701162535.632174, 7001
1701162536.977879, 7051
1701162538.445575, 7107
1701162539.869253, 7163
1701162541.265850, 7214
1701162542.754050, 7271
1701162544.085429, 7321
1701162545.778413, 7388
1701162547.179917, 7442
1701162548.595759, 7495
1701162549.980965, 7547
1701162551.381831, 7602
1701162552.965975, 7668
1701162554.316233, 7720
1701162555.718430, 7782
1701162557.203773, 7849
1701162558.641761, 7908
1701162559.962586, 7963
1701162561.325664, 8024
1701162563.001309, 8098
1701162564.554285, 8170
1701162566.053933, 8264
1701162567.415422, 8331
1701162568.845753, 8387
1701162570.254225, 8443
1701162571.736053, 8503
1701162573.238680, 8560
1701162574.708537, 8617
1701162576.083368, 8675
1701162577.554942, 8733
1701162579.016250, 8789
1701162580.460155, 8847
1701162581.930229, 8910
1701162583.389601, 8976
1701162584.766593, 9043
1701162586.151886, 9122
1701162587.535875, 9190
1701162588.942825, 9263
1701162590.362892, 9326
1701162591.757045, 9389
1701162593.269469, 9457
1701162594.692451, 9522
1701162596.086567, 9586
1701162597.547447, 9650
1701162599.011397, 9722
1701162600.510093, 9806
1701162601.890126, 9862
1701162603.334944, 9921
1701162604.740068, 9975
1701162606.175040, 10047
1701162607.632000, 10114
1701162609.039558, 10177
1701162610.545045, 10250
1701162613.254657, 10374
1701162614.690894, 10437
1701162616.097810, 10501
1701162617.461217, 10562
1701162619.452842, 10651
1701162620.977006, 10720
1701162622.434411, 10802
1701162623.880593, 10884
1701162625.341613, 10965
1701162626.815988, 11074
1701162628.550184, 11205
1701162630.706651, 11363
1701162632.425390, 11494
1701162634.073842, 11619
1701162635.511138, 11728
1701162637.149245, 11847
1701162639.301093, 12010
1701162640.885962, 12129
1701162642.347842, 12238
1701162644.045257, 12364
1701162645.630268, 12484
1701162647.662472, 12635
1701162649.230467, 12727
1701162650.888043, 12821
1701162652.441351, 12917
1701162653.972460, 13035
1701162655.403534, 13137
1701162656.894769, 13246
1701162658.354260, 13355
1701162659.922511, 13474
1701162661.442239, 13588
1701162662.891072, 13697
1701162664.550629, 13822
1701162666.300399, 13954
1701162667.789530, 14063
1701162669.490283, 14194
1701162670.923185, 14301
1701162672.508833, 14422
1701162674.046797, 14536
1701162675.783459, 14664
1701162677.264017, 14776
1701162680.027378, 14982
1701162681.618484, 15101
1701162683.127270, 15216
1701162684.567880, 15324
1701162686.057284, 15437
1701162687.874428, 15570
1701162689.786523, 15718
1701162691.224534, 15826
1701162692.694488, 15935
1701162694.205464, 16049
1701162695.880096, 16175
1701162697.353496, 16284
1701162698.934131, 16403
1701162700.424626, 16516
1701162701.936262, 16630
1701162703.483761, 16745
1701162705.044349, 16860
1701162706.812816, 16996
1701162708.268753, 17100
1701162710.064805, 17238
1701162711.703752, 17363
1701162713.174396, 17476
1701162714.702790, 17591
1701162716.406380, 17717
1701162718.216768, 17856
1701162719.658621, 17964
1701162721.195076, 18091
1701162722.781888, 18239
1701162724.436391, 18427
1701162725.960446, 18564
1701162727.618727, 18689
1701162729.613731, 18791
1701162731.451168, 18874
1701162732.990991, 18936
1701162734.717561, 19035
1701162736.642288, 19169
1701162738.302984, 19260
1701162739.954698, 19355
1701162742.026693, 19473
1701162743.636708, 19540
1701162745.459556, 19612
1701162747.624797, 19695
1701162749.245333, 19756
1701162751.004055, 19826
1701162752.636703, 19888
1701162754.430344, 19956
1701162756.266873, 20038
1701162757.845117, 20132
1701162759.377230, 20218
1701162760.992659, 20289
1701162762.969857, 20370
1701162764.722814, 20435
1701162766.497932, 20503
1701162768.428029, 20579
1701162770.137476, 20645
1701162771.703947, 20713
1701162773.245516, 20781
1701162774.804174, 20847
1701162776.312988, 20908
1701162777.736664, 20968
1701162779.191344, 21024
1701162780.660750, 21083
1701162782.182003, 21148
1701162783.674246, 21206
1701162785.123103, 21262
1701162786.633387, 21324
1701162788.076104, 21381
1701162789.479810, 21433
1701162791.065563, 21495
1701162792.627041, 21556
1701162794.251682, 21619
1701162795.776666, 21687
1701162797.310831, 21751
1701162798.932908, 21813
1701162800.492792, 21872
1701162801.967206, 21928
1701162803.485420, 21986
1701162805.042457, 22044
1701162806.497998, 22099
1701162808.032255, 22155
1701162809.764756, 22220
1701162811.307749, 22279
1701162812.793808, 22335
1701162814.313740, 22392
1701162815.758440, 22456
1701162817.476461, 22524
1701162819.254355, 22593
1701162820.673411, 22647
1701162822.251385, 22705
1701162823.864668, 22766
1701162825.736494, 22841
1701162827.812900, 22922
1701162829.589352, 22989
1701162831.120230, 23046
1701162832.834449, 23122
1701162834.880071, 23225
1701162836.753327, 23333
1701162839.273920, 23495
1701162841.511602, 23604
1701162843.242342, 23674
1701162845.099151, 23760
1701162846.893552, 23829
1701162848.527403, 23899
1701162850.118849, 23962
1701162851.702297, 24031
1701162853.339047, 24107
1701162854.955398, 24197
1701162856.772990, 24300
1701162858.267177, 24401
1701162859.918814, 24522
1701162861.483859, 24626
1701162863.281492, 24763
1701162864.897060, 24949
1701162866.471159, 25123
1701162868.126621, 25314
1701162869.693438, 25488
1701162871.315338, 25675
1701162873.095712, 25873
1701162874.713272, 26052
1701162876.248119, 26227
1701162877.831406, 26401
1701162879.659191, 26610
1701162881.189673, 26784
1701162882.720979, 26953
1701162884.310757, 27132
1701162886.042463, 27325
1701162887.861222, 27529
1701162889.482835, 27714
1701162891.097025, 27894
1701162892.858147, 28094
1701162894.683342, 28303
1701162896.220495, 28466
1701162898.025431, 28675
1701162899.722019, 28867
1701162901.399134, 29048
1701162903.040967, 29233
1701162904.600308, 29413
1701162906.105111, 29493
1701162907.663594, 29551
1701162909.463826, 29619
1701162911.023152, 29678
1701162912.643494, 29739
1701162914.553320, 29813
1701162916.064253, 29870
1701162917.590776, 29930
1701162919.131690, 29990
1701162920.879965, 30059
1701162922.695751, 30130
1701162924.412056, 30197
1701162926.123372, 30262
1701162927.783706, 30323
1701162929.395304, 30383
1701162932.584226, 30502
1701162934.835689, 30592
1701162936.798946, 30677
1701162938.539179, 30741
1701162940.118861, 30800
1701162941.704667, 30861
1701162943.363717, 30922
1701162945.252074, 30995
1701162946.959386, 31061
1701162948.756495, 31129
1701162950.578113, 31197
1701162952.032786, 31251
1701162953.597158, 31309
1701162955.271899, 31371
1701162956.931149, 31433
1701162958.473124, 31490
1701162960.209356, 31557
1701162961.821035, 31616
