1699547591.817822, 16
1699547593.170512, 24
1699547594.531096, 40
1699547596.071713, 48
1699547597.588992, 61
1699547598.976795, 72
1699547600.473335, 80
1699547601.962305, 96
1699547603.331629, 104
1699547604.644452, 112
1699547606.054182, 126
1699547607.536623, 136
1699547608.987087, 144
1699547610.450835, 160
1699547612.050838, 168
1699547613.712277, 184
1699547615.144951, 192
1699547616.562568, 201
1699547617.889465, 216
1699547619.490733, 224
1699547620.866410, 240
1699547622.289223, 248
1699547623.699467, 256
1699547625.098969, 272
1699547626.484873, 280
1699547627.869288, 288
1699547629.239253, 299
1699547630.769025, 312
1699547632.128954, 320
1699547633.559190, 336
1699547634.920317, 344
1699547636.410443, 352
1699547637.715450, 364
1699547639.099428, 376
1699547640.512216, 384
1699547642.202061, 393
1699547643.600424, 408
1699547644.999893, 416
1699547646.351410, 432
1699547647.850310, 440
1699547649.242139, 448
1699547650.654938, 464
1699547652.042453, 472
1699547653.493149, 480
1699547654.846965, 496
1699547656.300437, 504
1699547657.699447, 513
1699547659.422265, 528
1699547660.832005, 536
1699547662.248607, 552
1699547663.574225, 560
1699547665.119528, 568
1699547666.522556, 584
1699547667.953515, 592
1699547669.369641, 601
1699547670.774096, 616
1699547672.186701, 624
1699547673.561182, 633
1699547674.934130, 648
1699547676.304617, 656
1699547677.680838, 664
1699547679.056439, 680
1699547680.463715, 688
1699547681.799337, 696
1699547683.180518, 708
1699547684.559203, 720
1699547685.921402, 728
1699547687.346781, 737
1699547688.763737, 752
1699547690.187461, 760
1699547691.634990, 771
1699547693.203444, 784
1699547694.609351, 792
1699547695.994251, 808
1699547697.356168, 816
1699547698.789457, 824
1699547700.254890, 840
1699547701.637493, 848
1699547703.021772, 856
1699547704.407111, 872
1699547705.780211, 880
1699547707.176290, 888
1699547708.562037, 900
1699547709.976472, 912
1699547711.432070, 920
1699547712.904355, 936
1699547714.264161, 944
1699547715.637686, 952
1699547717.085559, 966
1699547718.458602, 976
1699547719.831622, 984
1699547721.161430, 992
1699547722.543568, 1000
1699547723.904197, 1011
1699547725.361966, 1024
1699547726.826638, 1032
1699547728.520232, 1048
1699547729.941838, 1056
1699547731.335458, 1070
1699547732.758765, 1080
1699547734.170751, 1088
1699547735.540904, 1099
1699547736.908388, 1112
1699547738.321209, 1120
1699547739.674064, 1131
1699547741.084869, 1144
1699547742.466996, 1152
1699547743.849597, 1161
1699547745.168316, 1176
1699547746.552754, 1184
1699547747.962138, 1192
1699547749.290372, 1204
1699547750.645741, 1216
1699547752.098739, 1224
1699547753.458508, 1235
1699547754.758647, 1248
1699547756.099499, 1256
1699547757.449345, 1264
1699547758.784429, 1276
1699547760.163231, 1288
1699547761.489620, 1296
1699547762.907466, 1307
1699547764.303558, 1320
1699547765.700966, 1328
1699547766.976816, 1336
1699547768.319073, 1348
1699547769.672781, 1360
1699547771.097619, 1368
1699547772.425517, 1378
1699547773.806959, 1392
1699547775.185170, 1400
1699547776.526862, 1408
1699547777.901181, 1424
1699547779.270267, 1432
1699547780.690761, 1440
1699547782.099301, 1454
1699547783.513713, 1464
1699547784.900376, 1472
1699547786.260700, 1483
1699547787.570597, 1496
1699547788.965241, 1504
1699547790.371457, 1514
1699547792.264590, 1528
1699547793.902625, 1544
1699547795.453104, 1552
1699547797.436345, 1568
1699547798.856859, 1579
1699547800.173837, 1593
1699547801.481815, 1601
1699547803.131588, 1611
1699547804.507990, 1625
1699547805.948350, 1633
1699547807.307274, 1644
1699547808.671330, 1657
1699547810.225871, 1665
1699547811.600916, 1676
1699547812.955636, 1689
1699547814.336120, 1697
1699547815.711812, 1708
1699547817.073139, 1721
1699547818.394924, 1729
1699547819.778425, 1737
1699547821.435689, 1753
1699547822.826337, 1761
1699547824.217384, 1772
1699547825.658603, 1785
1699547827.401733, 1796
1699547828.752544, 1809
1699547830.239717, 1817
1699547831.630006, 1828
1699547833.081654, 1841
1699547834.584063, 1849
1699547836.011531, 1861
1699547837.376965, 1873
1699547838.776166, 1881
1699547840.175598, 1892
1699547841.582897, 1905
1699547842.951348, 1913
1699547844.310201, 1924
1699547845.638378, 1937
1699547846.996508, 1945
1699547848.361689, 1954
1699547849.842126, 1969
1699547851.244127, 1977
1699547852.586758, 1986
1699547853.978588, 1999
1699547855.424483, 2009
1699547857.002700, 2020
1699547858.399848, 2033
1699547859.790472, 2041
1699547861.178702, 2052
1699547862.653427, 2065
1699547864.035854, 2073
1699547865.416578, 2083
1699547866.947228, 2097
1699547868.313992, 2105
1699547869.755624, 2116
1699547871.202332, 2129
1699547872.572248, 2137
1699547874.202586, 2152
1699547875.946826, 2163
1699547877.349274, 2177
1699547878.835568, 2185
1699547880.221994, 2196
1699547881.622245, 2209
1699547883.020551, 2217
1699547884.656941, 2231
1699547886.141726, 2241
1699547887.697379, 2252
1699547889.243130, 2265
1699547890.711953, 2275
1699547892.171243, 2288
1699547893.546335, 2297
1699547894.974809, 2308
1699547896.517837, 2321
1699547897.884713, 2329
1699547899.331892, 2340
1699547900.719663, 2353
1699547902.115224, 2361
1699547903.538631, 2372
1699547904.914249, 2385
1699547906.299148, 2393
1699547907.741787, 2404
1699547909.130258, 2417
1699547910.489831, 2425
1699547911.930098, 2436
1699547913.516354, 2449
1699547914.921320, 2458
1699547916.339433, 2468
1699547917.737750, 2481
1699547919.165992, 2490
1699547920.484396, 2500
1699547921.845469, 2513
1699547923.242239, 2521
1699547924.733662, 2532
1699547926.145729, 2545
1699547927.549887, 2554
1699547928.938319, 2564
1699547930.395647, 2577
1699547931.921679, 2587
1699547933.354437, 2599
1699547934.751022, 2609
1699547936.387829, 2620
1699547937.788860, 2633
1699547939.170103, 2642
1699547940.525485, 2652
1699547942.091747, 2665
1699547943.424387, 2674
1699547944.771314, 2684
1699547946.097611, 2697
1699547947.477674, 2705
1699547949.025290, 2716
1699547950.428079, 2729
1699547951.795195, 2737
1699547953.184015, 2748
1699547954.517092, 2760
1699547955.944093, 2769
1699547957.365523, 2780
1699547958.847163, 2792
1699547960.317101, 2802
1699547961.693233, 2812
1699547963.126423, 2825
1699547964.512668, 2834
1699547965.856941, 2844
1699547967.189469, 2855
1699547968.579449, 2865
1699547969.965756, 2875
1699547971.370221, 2887
1699547972.703584, 2897
1699547974.094707, 2906
1699547975.515518, 2916
1699547976.879229, 2929
1699547978.308270, 2938
1699547979.749160, 2948
1699547981.113289, 2961
1699547982.475178, 2970
1699547983.909667, 2980
1699547985.297756, 2993
1699547986.725027, 3002
1699547988.232431, 3015
1699547989.649683, 3025
1699547991.072284, 3035
1699547992.488551, 3046
1699547994.038640, 3058
1699547995.519836, 3068
1699547996.893134, 3080
1699547998.300478, 3090
1699547999.855958, 3102
1699548001.313912, 3113
1699548002.727279, 3123
1699548004.038697, 3132
1699548005.480750, 3145
1699548006.831492, 3154
1699548008.259519, 3164
1699548009.639446, 3177
1699548010.978150, 3186
1699548012.437983, 3196
1699548013.925994, 3209
1699548015.362104, 3218
1699548016.819024, 3231
1699548018.251452, 3241
1699548019.665834, 3251
1699548021.041967, 3263
1699548022.412572, 3273
1699548023.976330, 3284
1699548025.347661, 3295
1699548026.747485, 3305
1699548028.389923, 3316
1699548029.852521, 3329
1699548031.259698, 3339
1699548032.653983, 3351
1699548034.206287, 3362
1699548035.633104, 3372
1699548037.007480, 3384
1699548038.392698, 3394
1699548039.930836, 3404
1699548041.366678, 3417
1699548042.760149, 3426
1699548044.167548, 3436
1699548045.698210, 3449
1699548047.057687, 3459
1699548048.368346, 3468
1699548049.765215, 3480
1699548051.146945, 3490
1699548052.534095, 3500
1699548053.911299, 3511
1699548055.275085, 3521
1699548056.644272, 3532
1699548058.027515, 3543
1699548059.434364, 3553
1699548060.772625, 3563
1699548062.104657, 3572
1699548063.416290, 3583
1699548064.890440, 3594
1699548066.231412, 3604
1699548067.621156, 3615
1699548068.974339, 3625
1699548070.314855, 3635
1699548071.695155, 3644
1699548073.035076, 3657
1699548074.679523, 3669
1699548076.050261, 3680
1699548077.441701, 3690
1699548078.811034, 3701
1699548080.333326, 3712
1699548081.706301, 3723
1699548083.087748, 3733
1699548084.467674, 3744
1699548086.146739, 3756
1699548087.535455, 3765
1699548088.917232, 3777
1699548090.380939, 3788
1699548091.704742, 3797
1699548093.166520, 3810
1699548094.712690, 3821
1699548096.139665, 3832
1699548097.824360, 3844
1699548099.812039, 3859
1699548101.300817, 3869
1699548102.708096, 3881
1699548104.114595, 3892
1699548105.622305, 3904
1699548107.173773, 3915
1699548108.517281, 3925
1699548109.972186, 3936
1699548111.362706, 3947
1699548112.737517, 3957
1699548114.085667, 3967
1699548115.462181, 3978
1699548116.791991, 3988
1699548118.137683, 3997
1699548119.555510, 4009
1699548120.953673, 4019
1699548122.347950, 4029
1699548123.759756, 4041
1699548125.113029, 4051
1699548126.487297, 4061
1699548127.833302, 4071
1699548129.169910, 4082
1699548130.629100, 4093
1699548132.351827, 4106
1699548133.707945, 4116
1699548135.046999, 4125
1699548136.440365, 4137
1699548138.017890, 4149
1699548139.377938, 4157
1699548140.744467, 4169
1699548142.155131, 4180
1699548143.649106, 4189
1699548145.031991, 4202
1699548146.410204, 4213
1699548147.866312, 4221
1699548149.620314, 4237
1699548151.025228, 4245
1699548152.425077, 4257
1699548153.785840, 4268
1699548155.333732, 4280
1699548156.748340, 4291
1699548158.131929, 4301
1699548159.563119, 4312
1699548161.228041, 4325
1699548162.544956, 4333
1699548163.873290, 4344
1699548165.234770, 4355
1699548166.864228, 4365
1699548168.215672, 4377
1699548169.603611, 4388
1699548171.359666, 4401
1699548172.775219, 4412
1699548174.133024, 4421
1699548175.545291, 4432
1699548176.852205, 4443
1699548178.416438, 4453
1699548179.804293, 4465
1699548181.195442, 4475
1699548182.580734, 4485
1699548183.940293, 4496
1699548185.348477, 4507
1699548186.750549, 4517
1699548188.129798, 4528
1699548189.518410, 4539
