1699952000.664527, 0
1699952002.109119, 0
1699952003.548643, 0
1699952004.971137, 0
1699952006.431318, 0
1699952007.867519, 0
1699952009.247502, 0
1699952011.075552, 0
1699952012.599082, 0
1699952013.972683, 0
1699952015.452743, 0
1699952016.826370, 0
1699952018.277943, 0
1699952019.734677, 0
1699952021.121874, 0
1699952022.543370, 0
1699952023.978305, 0
1699952025.306471, 0
1699952026.682129, 0
1699952028.048435, 0
1699952029.377487, 0
1699952030.709133, 0
1699952032.107506, 0
1699952033.556883, 0
1699952034.945761, 1
1699952036.259845, 3
1699952037.641042, 3
1699952039.059212, 3
1699952040.417419, 3
1699952041.862256, 3
1699952043.334214, 3
1699952044.705634, 3
1699952046.161963, 3
1699952047.546843, 3
1699952048.855612, 3
1699952050.415593, 3
1699952051.863225, 3
1699952053.333288, 3
1699952054.680266, 3
1699952056.021498, 3
1699952057.554184, 3
1699952058.936626, 3
1699952060.327262, 3
1699952061.715914, 3
1699952063.214276, 3
1699952064.525319, 3
1699952065.872766, 3
1699952067.203556, 3
1699952068.550811, 3
1699952069.911755, 3
1699952071.265440, 3
1699952072.678707, 3
1699952074.027428, 3
1699952075.411810, 3
1699952076.793712, 3
1699952078.153724, 3
1699952079.499976, 3
1699952081.016768, 3
1699952082.393701, 3
1699952083.836710, 3
1699952085.230043, 3
1699952086.645200, 3
1699952088.077086, 3
1699952089.426183, 3
1699952090.827417, 3
1699952092.219437, 3
1699952093.659672, 3
1699952095.060684, 3
1699952096.392208, 3
1699952097.788208, 4
1699952099.160661, 4
1699952100.578547, 4
1699952101.979526, 5
1699952103.458036, 6
1699952104.855872, 6
1699952106.236105, 6
1699952107.576393, 6
1699952109.038166, 6
1699952110.422969, 6
1699952111.769329, 6
1699952113.096672, 6
1699952114.492393, 6
1699952115.824641, 6
1699952117.197303, 6
1699952118.577555, 6
1699952119.965889, 6
1699952121.376328, 6
1699952122.791245, 6
1699952124.128361, 6
1699952125.600156, 6
1699952126.975570, 6
1699952128.370555, 6
1699952129.746826, 6
1699952131.104849, 6
1699952132.457706, 6
1699952133.879559, 6
1699952135.380215, 6
1699952136.723289, 6
1699952138.131412, 6
1699952139.470746, 6
1699952140.822601, 6
1699952142.172773, 6
1699952143.661845, 6
1699952145.060219, 6
1699952146.448243, 6
1699952147.760905, 6
1699952149.162315, 6
1699952150.461956, 6
1699952151.772701, 6
1699952153.083321, 6
1699952154.470511, 6
1699952155.868541, 6
1699952157.214851, 6
1699952158.583461, 6
1699952159.902376, 7
1699952161.275499, 7
1699952162.655668, 7
1699952164.077755, 7
1699952165.475174, 8
1699952167.010688, 8
1699952168.425024, 8
1699952169.852973, 9
1699952171.213197, 9
1699952172.863183, 9
1699952174.216639, 9
1699952175.595492, 9
1699952176.966542, 9
1699952178.503204, 9
1699952179.843284, 9
1699952181.274862, 9
1699952182.613494, 9
1699952183.974101, 9
1699952185.517240, 9
1699952186.908860, 9
1699952188.229931, 9
1699952190.240942, 9
1699952191.859023, 9
1699952193.304986, 9
1699952194.650704, 9
1699952196.047907, 9
1699952197.491966, 9
1699952198.933420, 9
1699952200.300295, 9
1699952201.712015, 9
1699952203.090550, 9
1699952204.489151, 9
1699952205.946448, 9
1699952207.338528, 9
1699952208.697172, 9
1699952210.090185, 9
1699952211.472236, 9
1699952212.991132, 9
1699952214.331033, 9
1699952215.756855, 9
1699952217.128563, 9
1699952218.661667, 9
1699952220.066011, 9
1699952221.454195, 9
1699952222.869634, 9
1699952224.402754, 10
1699952225.831019, 10
1699952227.265263, 10
1699952228.693635, 10
1699952230.453339, 10
1699952231.857099, 11
1699952233.195951, 11
1699952234.551659, 11
1699952236.008662, 11
1699952237.370754, 12
1699952238.748581, 12
1699952240.053095, 12
1699952241.360522, 12
1699952242.821766, 12
1699952244.143477, 12
1699952245.491085, 12
1699952246.926878, 12
1699952248.363891, 12
1699952249.721469, 12
1699952251.121804, 12
1699952252.460427, 12
1699952253.858674, 12
1699952255.199884, 12
1699952256.557387, 12
1699952258.004892, 12
1699952259.405840, 12
1699952260.753622, 12
1699952262.191184, 12
1699952263.587588, 12
1699952265.041110, 12
1699952266.344661, 12
1699952267.718837, 12
1699952269.126453, 12
1699952270.430198, 12
1699952271.832042, 12
1699952273.253026, 12
1699952274.642896, 12
1699952276.134924, 12
1699952277.526447, 12
1699952278.817227, 12
1699952280.248516, 12
1699952281.665249, 12
1699952283.065483, 12
1699952284.405654, 12
1699952285.776913, 12
1699952287.181195, 12
1699952288.507061, 13
1699952289.908488, 13
1699952291.219737, 13
1699952292.582966, 13
1699952293.956337, 14
1699952295.388014, 14
1699952296.795046, 14
1699952298.128086, 14
1699952299.698499, 14
1699952301.106652, 14
1699952302.501681, 14
1699952303.860044, 14
1699952305.428768, 15
1699952306.813247, 15
1699952308.187365, 15
1699952309.617744, 15
1699952311.018523, 15
1699952312.349591, 15
1699952313.715789, 15
1699952315.122125, 15
1699952316.752594, 15
1699952318.085345, 15
1699952319.483216, 15
1699952320.858449, 15
1699952322.522850, 15
1699952323.917238, 15
1699952325.256486, 15
1699952326.637421, 15
1699952328.209547, 15
1699952329.585707, 15
1699952330.997592, 15
1699952332.372523, 15
1699952333.956924, 15
1699952335.310061, 15
1699952336.713050, 15
1699952338.083763, 15
1699952339.713688, 15
1699952341.168870, 15
1699952342.504977, 15
1699952343.879002, 15
1699952345.213152, 15
1699952346.614436, 15
1699952348.030056, 15
1699952349.431151, 15
1699952351.034173, 16
1699952352.393532, 16
1699952353.818150, 16
1699952355.166056, 17
1699952356.707817, 17
1699952358.088085, 17
1699952359.430076, 17
1699952360.807798, 17
1699952362.271554, 17
1699952363.740138, 17
1699952365.091245, 17
1699952366.468460, 17
1699952367.893900, 17
1699952369.282847, 17
1699952370.722077, 17
1699952372.128711, 17
1699952373.519217, 18
1699952374.932996, 18
1699952376.311137, 19
1699952377.712953, 19
1699952379.150028, 19
1699952380.437655, 19
1699952381.778307, 19
1699952383.113565, 19
1699952384.498207, 19
1699952385.880492, 19
1699952387.252989, 19
1699952388.644973, 19
1699952390.024071, 19
1699952391.369051, 19
1699952392.709818, 19
1699952394.096705, 19
1699952395.485365, 19
1699952396.905511, 19
1699952398.279381, 19
1699952399.617302, 19
1699952401.030776, 19
1699952402.391385, 19
1699952403.740233, 20
1699952405.124890, 20
1699952406.455158, 20
1699952407.821217, 21
1699952409.235917, 21
1699952410.590783, 21
1699952411.955284, 21
1699952413.370187, 21
1699952414.795548, 21
1699952416.174322, 21
1699952417.545446, 21
1699952418.979970, 21
1699952420.285070, 21
1699952421.670479, 21
1699952423.077817, 21
1699952424.465366, 21
1699952425.921220, 21
1699952427.327701, 21
1699952428.683090, 21
1699952430.093351, 21
1699952431.624460, 21
1699952433.129735, 21
1699952434.473316, 22
1699952435.855744, 23
1699952437.382847, 23
1699952438.666500, 23
1699952440.026485, 23
1699952441.365559, 23
1699952442.739369, 23
1699952444.142531, 23
1699952445.547299, 23
1699952446.901633, 23
1699952448.252199, 23
1699952449.674936, 23
1699952450.984646, 23
1699952452.337479, 23
1699952453.720544, 23
1699952455.068448, 23
1699952456.465560, 23
1699952457.801405, 23
1699952459.225457, 23
1699952460.902882, 23
1699952462.221357, 24
1699952463.613125, 24
1699952465.016890, 25
1699952466.371891, 25
1699952467.680101, 25
1699952469.113834, 25
1699952470.445837, 25
1699952472.035033, 25
1699952473.454346, 25
1699952474.894883, 25
1699952476.291881, 25
1699952477.920403, 25
1699952479.267027, 25
1699952480.642910, 25
1699952482.061611, 25
1699952483.532584, 25
1699952484.869633, 25
1699952486.274744, 25
1699952487.552505, 25
1699952488.871760, 25
1699952490.261244, 25
1699952491.620863, 25
1699952493.005204, 25
1699952494.364543, 25
1699952495.781318, 25
1699952497.136288, 26
1699952498.556182, 26
1699952499.952013, 26
1699952501.334318, 26
1699952502.686849, 26
1699952504.053562, 26
1699952505.475759, 26
1699952506.819454, 26
1699952508.196435, 26
1699952509.789257, 26
1699952511.182448, 26
1699952512.585313, 26
1699952514.004672, 26
1699952515.451705, 26
1699952516.842917, 26
1699952518.368399, 26
1699952519.719759, 26
1699952521.116277, 27
1699952522.604826, 27
1699952524.012436, 27
1699952525.334673, 27
1699952526.772674, 27
1699952528.111111, 27
1699952529.735771, 27
1699952531.074500, 27
1699952532.424162, 27
1699952533.785505, 28
1699952535.320106, 28
1699952536.711799, 28
1699952538.018665, 28
1699952539.370195, 28
1699952540.719281, 28
1699952542.154406, 28
1699952543.646799, 28
1699952544.969575, 28
1699952546.328649, 28
1699952547.774812, 28
