1701169735.605182, 0
1701169736.937403, 0
1701169738.303731, 0
1701169739.665460, 0
1701169741.135653, 3
1701169742.534197, 3
1701169743.955141, 3
1701169745.349559, 3
1701169746.954453, 3
1701169748.386703, 3
1701169749.770415, 3
1701169751.153626, 3
1701169752.772359, 3
1701169754.219945, 3
1701169755.622499, 3
1701169757.734271, 3
1701169759.179316, 3
1701169760.575333, 3
1701169761.946872, 3
1701169763.988670, 3
1701169765.582996, 3
1701169766.938887, 3
1701169768.380771, 3
1701169770.105650, 3
1701169771.510490, 3
1701169772.938591, 3
1701169774.334909, 3
1701169775.740232, 3
1701169777.132238, 3
1701169778.431820, 3
1701169779.729564, 3
1701169781.119671, 3
1701169782.453817, 3
1701169783.887516, 3
1701169785.257252, 3
1701169786.829304, 3
1701169788.505304, 3
1701169790.148994, 3
1701169791.575213, 3
1701169792.998494, 3
1701169794.436955, 3
1701169796.529433, 3
1701169798.139346, 3
1701169799.548431, 3
1701169800.930804, 6
1701169802.320676, 6
1701169803.719738, 6
1701169805.137231, 6
1701169806.686278, 6
1701169808.149716, 6
1701169809.647670, 6
1701169811.293875, 6
1701169812.880540, 6
1701169814.309021, 6
1701169815.832649, 6
1701169817.570582, 6
1701169819.537196, 6
1701169820.993999, 6
1701169822.426169, 6
1701169824.303497, 6
1701169825.690750, 6
1701169827.308757, 6
1701169829.196745, 6
1701169830.879787, 6
1701169832.427235, 6
1701169833.955146, 6
1701169835.469582, 6
1701169836.794795, 6
1701169838.202666, 6
1701169839.558447, 6
1701169841.047738, 6
1701169842.528596, 6
1701169844.095764, 6
1701169845.539002, 6
1701169847.471090, 6
1701169849.009307, 6
1701169850.412644, 6
1701169851.829553, 6
1701169853.201249, 6
1701169854.568664, 6
1701169855.950370, 6
1701169857.508418, 6
1701169858.899813, 6
1701169861.135718, 9
1701169863.344157, 9
1701169864.872527, 9
1701169866.285586, 9
1701169867.776826, 9
1701169869.171611, 9
1701169870.558355, 9
1701169872.032509, 9
1701169873.488682, 9
1701169874.851993, 9
1701169877.310287, 9
1701169879.026475, 9
1701169880.462366, 9
1701169881.909931, 9
1701169883.303377, 9
1701169884.834702, 9
1701169886.177462, 9
1701169887.622142, 9
1701169889.036872, 9
1701169890.522797, 9
1701169893.276369, 9
1701169895.985090, 9
1701169897.683484, 9
1701169899.043714, 9
1701169900.428718, 9
1701169901.777930, 9
1701169903.181517, 9
1701169904.541456, 9
1701169905.887198, 9
1701169908.611855, 9
1701169910.093859, 9
1701169911.547933, 9
1701169913.076787, 9
1701169914.513621, 9
1701169917.208981, 9
1701169918.700154, 9
1701169920.183319, 12
1701169922.447930, 12
1701169924.657627, 12
1701169926.945298, 12
1701169928.459160, 12
1701169931.134917, 12
1701169932.506802, 12
1701169933.941640, 12
1701169935.302957, 12
1701169936.847089, 12
1701169938.667615, 12
1701169940.114065, 12
1701169941.555805, 12
1701169943.039709, 12
1701169945.315039, 12
1701169946.709252, 12
1701169948.369338, 12
1701169949.854320, 12
1701169952.258879, 12
1701169954.442912, 12
1701169955.868157, 12
1701169957.260244, 12
1701169960.327358, 12
1701169961.791026, 12
1701169963.338986, 12
1701169964.783977, 12
1701169966.228629, 12
1701169967.697767, 12
1701169969.324967, 12
1701169971.116500, 12
1701169972.865620, 12
1701169974.428223, 12
1701169976.425970, 12
1701169978.139034, 12
1701169981.578002, 15
1701169983.552201, 15
1701169985.028903, 15
1701169986.491187, 15
1701169987.931872, 15
1701169989.317823, 15
1701169991.205349, 15
1701169992.994972, 15
1701169994.553132, 15
1701169996.439750, 15
1701169999.443392, 15
1701170000.959945, 15
1701170002.402380, 15
1701170003.953461, 15
1701170005.390645, 15
1701170006.968392, 15
1701170008.863609, 15
1701170010.434248, 15
1701170013.007092, 15
1701170014.792961, 15
1701170016.282505, 15
1701170018.025090, 15
1701170019.470849, 15
1701170021.175552, 15
1701170022.781255, 15
1701170024.377790, 15
1701170025.874155, 15
1701170028.408237, 15
1701170030.345438, 15
1701170032.058147, 15
1701170033.900254, 15
1701170035.400835, 15
1701170037.098154, 15
1701170038.585318, 15
1701170040.239835, 18
1701170043.085186, 18
1701170045.021245, 18
1701170046.636370, 18
1701170048.574054, 18
1701170050.197350, 18
1701170051.853286, 18
1701170053.422441, 18
1701170054.999777, 18
1701170057.597982, 18
1701170059.252192, 18
1701170061.134183, 18
1701170062.894606, 18
1701170064.689327, 18
1701170066.648181, 18
1701170068.183990, 18
1701170069.914582, 18
1701170073.160245, 18
1701170075.347765, 18
1701170077.060923, 18
1701170078.668463, 18
1701170080.232405, 18
1701170081.692271, 18
1701170083.159828, 18
1701170085.189616, 18
1701170088.078642, 18
1701170089.962387, 18
1701170091.992049, 18
1701170096.710082, 18
1701170098.583431, 18
1701170100.459231, 21
1701170103.309926, 21
1701170105.120714, 21
1701170106.640526, 21
1701170108.049198, 21
1701170109.626057, 21
1701170111.226642, 21
1701170112.682524, 21
1701170114.066953, 21
1701170115.537662, 21
1701170119.157926, 21
1701170120.692755, 21
1701170122.216955, 21
1701170123.608300, 21
1701170125.156046, 21
1701170126.881408, 21
1701170128.367756, 21
1701170129.810592, 21
1701170133.272848, 21
1701170135.856723, 21
1701170137.382899, 21
1701170138.832805, 21
1701170140.524781, 21
1701170141.982537, 21
1701170143.515829, 21
1701170145.111148, 21
1701170147.856981, 21
1701170151.059860, 21
1701170152.638972, 21
1701170154.173804, 21
1701170155.564549, 21
1701170156.964090, 21
1701170158.497867, 21
1701170159.999214, 24
1701170163.183615, 24
1701170165.542520, 24
1701170167.757124, 24
1701170169.299639, 24
1701170170.726339, 24
1701170172.748987, 24
1701170174.246784, 24
1701170175.733471, 24
1701170179.137235, 24
1701170180.572773, 24
1701170182.046554, 24
1701170183.762410, 24
1701170185.183537, 24
1701170186.814212, 24
1701170188.822007, 24
1701170190.447134, 24
1701170194.218845, 24
1701170195.884639, 24
1701170197.476241, 24
1701170198.941507, 24
1701170200.524436, 24
1701170202.103482, 24
1701170203.701408, 24
1701170205.192841, 24
1701170208.742755, 24
1701170210.331918, 24
1701170211.794644, 24
1701170213.350833, 24
1701170214.749226, 24
1701170216.207606, 24
1701170217.725217, 24
1701170219.288626, 24
1701170220.778103, 27
1701170223.859195, 27
1701170225.587918, 27
1701170227.275012, 27
1701170228.963374, 27
1701170232.141433, 27
1701170233.704302, 27
1701170235.365308, 27
1701170238.397245, 27
1701170240.036000, 27
1701170241.615369, 27
1701170244.562030, 27
1701170246.093716, 27
1701170247.776602, 27
1701170249.319789, 27
1701170250.793729, 27
1701170253.910318, 27
1701170255.544792, 27
1701170257.265601, 27
1701170259.036366, 27
1701170260.481757, 27
1701170262.027417, 27
1701170263.603614, 27
1701170265.394815, 27
1701170268.356012, 27
1701170270.669035, 27
1701170272.147835, 27
1701170273.579427, 27
1701170275.095409, 27
1701170277.251529, 27
1701170279.178243, 27
1701170281.540848, 30
1701170283.151840, 30
1701170285.206701, 30
1701170286.656300, 30
1701170288.150738, 30
1701170289.707000, 30
1701170291.244350, 30
1701170292.806350, 30
1701170294.548250, 30
1701170296.862179, 30
1701170300.072403, 30
1701170301.713484, 30
1701170303.269243, 30
1701170305.101454, 30
1701170306.556958, 30
1701170308.081767, 30
1701170309.569927, 30
1701170312.649135, 30
1701170314.646856, 30
1701170316.127285, 30
1701170317.627012, 30
1701170319.320374, 30
1701170320.864761, 30
1701170322.825744, 30
1701170324.323678, 30
1701170327.778127, 30
1701170329.685200, 30
1701170331.323433, 30
1701170334.541496, 30
