1699366077.246988, 28
1699366078.672447, 53
1699366080.047563, 78
1699366081.463032, 103
1699366082.812225, 128
1699366084.228221, 155
1699366085.598361, 177
1699366086.940403, 201
1699366088.291906, 228
1699366089.666094, 254
1699366091.168994, 280
1699366092.580473, 304
1699366093.974527, 331
1699366095.543219, 358
1699366096.900389, 382
1699366098.324785, 405
1699366099.725005, 432
1699366101.200314, 458
1699366102.583280, 486
1699366103.989208, 511
1699366105.325636, 531
1699366106.812529, 559
1699366108.186042, 585
1699366109.590656, 610
1699366110.986587, 633
1699366112.327989, 658
1699366113.798427, 685
1699366115.232532, 708
1699366116.732604, 735
1699366118.095064, 763
1699366119.728693, 792
1699366121.113556, 819
1699366122.531212, 843
1699366123.876536, 866
1699366125.504351, 895
1699366126.872666, 921
1699366128.240925, 945
1699366129.717135, 970
1699366131.189820, 1000
1699366132.576938, 1026
1699366133.961420, 1050
1699366135.312707, 1076
1699366136.947119, 1106
1699366138.365815, 1132
1699366139.721546, 1156
1699366141.152073, 1182
1699366142.452553, 1205
1699366143.816104, 1231
1699366145.192839, 1254
1699366146.531003, 1280
1699366147.862567, 1304
1699366149.251256, 1328
1699366150.725472, 1356
1699366152.064557, 1380
1699366153.469968, 1406
1699366154.832310, 1433
1699366156.170787, 1454
1699366157.518227, 1479
1699366158.920720, 1506
1699366160.315219, 1530
1699366161.684383, 1556
1699366163.082903, 1581
1699366164.396276, 1608
1699366165.849571, 1634
1699366167.215422, 1658
1699366168.574687, 1679
1699366169.869231, 1706
1699366171.258373, 1731
1699366172.578960, 1756
1699366173.899303, 1781
1699366175.240452, 1802
1699366176.559167, 1826
1699366177.878258, 1851
1699366179.270213, 1875
1699366180.600312, 1900
1699366181.946022, 1926
1699366183.336775, 1950
1699366184.738733, 1978
1699366186.116052, 2003
1699366187.533405, 2030
1699366188.895653, 2053
1699366190.273450, 2077
1699366191.888140, 2106
1699366193.673710, 2139
1699366195.139957, 2166
1699366196.468515, 2190
1699366197.874619, 2215
1699366199.253106, 2239
1699366200.589497, 2263
1699366202.041125, 2290
1699366203.455309, 2315
1699366205.064738, 2344
1699366206.461269, 2367
1699366207.845578, 2391
1699366209.246104, 2417
1699366210.614781, 2441
1699366212.013001, 2466
1699366213.473938, 2491
1699366214.843089, 2515
1699366216.276273, 2538
1699366217.662010, 2565
1699366219.064490, 2588
1699366220.427664, 2615
1699366221.886917, 2640
1699366223.285833, 2663
1699366224.680298, 2689
1699366226.012469, 2714
1699366227.351039, 2739
1699366228.922577, 2766
1699366230.335301, 2792
1699366231.860971, 2819
1699366233.192592, 2844
1699366234.634183, 2869
1699366236.023419, 2893
1699366237.394908, 2918
1699366238.727684, 2943
1699366240.053498, 2968
1699366241.435861, 2991
1699366242.875314, 3019
1699366244.245538, 3044
1699366245.600522, 3068
1699366246.981560, 3093
1699366248.368245, 3117
1699366249.778445, 3145
1699366251.160981, 3172
1699366252.511816, 3198
1699366253.840154, 3221
1699366255.161477, 3243
1699366256.500562, 3270
1699366258.077144, 3297
1699366259.439595, 3322
1699366260.874806, 3347
1699366262.463517, 3376
1699366263.885255, 3402
1699366265.247047, 3428
1699366266.693557, 3450
1699366268.121529, 3478
1699366269.538530, 3502
1699366270.882578, 3528
1699366272.251647, 3552
1699366273.598825, 3578
1699366275.052208, 3601
1699366276.427717, 3628
1699366277.865031, 3654
1699366279.270655, 3679
1699366280.737975, 3707
1699366282.191919, 3733
1699366283.993223, 3763
1699366285.757997, 3797
1699366287.154925, 3823
1699366288.585392, 3847
1699366289.902868, 3870
1699366291.284401, 3896
1699366292.689812, 3922
1699366294.229074, 3949
1699366295.640882, 3974
1699366297.015680, 3999
1699366298.348790, 4023
1699366299.720388, 4047
1699366301.041809, 4070
1699366302.522107, 4096
1699366303.907194, 4123
1699366305.264576, 4147
1699366306.632938, 4169
1699366308.028873, 4196
1699366309.515989, 4223
1699366310.851543, 4246
1699366312.199956, 4271
1699366313.554019, 4295
1699366314.950285, 4321
1699366316.304293, 4345
1699366317.732687, 4371
1699366319.111531, 4396
1699366320.521441, 4421
1699366322.195545, 4453
1699366323.600363, 4476
1699366324.967738, 4502
1699366326.310590, 4527
1699366327.716682, 4553
1699366329.033088, 4575
1699366330.482039, 4601
1699366331.893753, 4627
1699366333.272500, 4652
1699366334.655330, 4677
1699366336.087506, 4701
1699366337.415841, 4724
1699366338.789458, 4748
1699366340.194650, 4775
1699366341.502700, 4800
1699366342.952083, 4826
1699366344.327067, 4851
1699366345.718325, 4877
1699366347.043889, 4900
1699366348.652006, 4928
1699366350.065027, 4956
1699366351.570901, 4981
1699366353.010201, 5006
1699366354.622868, 5035
1699366356.082767, 5061
1699366357.485351, 5087
1699366358.792557, 5112
1699366360.440973, 5140
1699366361.779611, 5168
1699366363.245713, 5194
1699366364.637507, 5218
1699366366.028982, 5243
1699366367.443784, 5270
1699366368.995904, 5296
1699366370.428090, 5322
1699366371.786674, 5349
1699366373.151114, 5375
1699366374.557320, 5399
1699366375.952976, 5425
1699366377.597099, 5455
1699366378.941810, 5477
1699366380.435094, 5505
1699366381.769321, 5530
1699366383.382470, 5558
1699366384.769352, 5585
1699366386.084516, 5606
1699366387.446397, 5632
1699366388.839376, 5656
1699366390.397303, 5686
1699366391.757797, 5710
1699366393.209241, 5735
1699366394.706327, 5760
1699366396.103765, 5788
1699366397.504818, 5815
1699366398.873946, 5836
1699366400.318778, 5863
1699366401.708995, 5890
1699366403.178735, 5917
1699366404.553185, 5939
1699366406.014703, 5967
1699366407.339972, 5993
1699366408.676741, 6018
1699366410.093915, 6045
1699366411.474649, 6072
1699366412.885651, 6094
1699366414.296115, 6118
1699366415.917080, 6147
1699366417.320994, 6173
1699366418.677353, 6199
1699366420.044344, 6224
1699366421.404986, 6249
1699366423.138891, 6282
1699366424.588336, 6306
1699366425.959626, 6330
1699366427.372250, 6356
1699366428.781832, 6383
1699366430.165716, 6408
1699366431.561725, 6431
1699366432.959175, 6457
1699366434.323265, 6486
1699366435.710505, 6511
1699366437.116819, 6535
1699366438.513321, 6559
1699366439.899196, 6584
1699366441.309066, 6610
1699366442.643684, 6636
1699366443.992836, 6659
1699366445.437873, 6684
1699366446.782324, 6711
1699366448.140709, 6732
1699366449.524589, 6758
1699366450.888329, 6783
1699366452.279042, 6811
1699366454.225993, 6846
1699366455.576284, 6870
1699366456.948611, 6892
1699366458.272841, 6918
1699366459.661987, 6942
1699366461.046490, 6969
1699366462.443742, 6993
1699366463.959066, 7019
1699366465.384115, 7046
1699366466.757956, 7074
1699366468.137126, 7099
1699366469.512373, 7125
1699366470.848866, 7149
1699366472.172838, 7173
1699366473.623456, 7198
1699366474.975170, 7222
1699366476.460435, 7248
1699366477.853183, 7277
1699366479.222789, 7301
1699366480.636046, 7329
1699366482.133385, 7356
1699366483.503426, 7382
1699366485.176298, 7411
1699366486.657108, 7438
1699366488.008148, 7461
1699366489.434284, 7487
1699366490.822846, 7511
1699366492.233382, 7538
1699366493.840517, 7566
1699366495.714347, 7602
1699366497.236127, 7629
1699366498.621061, 7654
1699366500.021133, 7680
1699366501.388568, 7706
1699366502.757001, 7731
1699366504.176784, 7758
1699366505.563611, 7780
1699366506.952017, 7803
1699366508.357072, 7831
1699366509.919860, 7860
1699366511.291148, 7886
1699366512.637438, 7911
1699366514.021469, 7934
1699366515.594816, 7963
1699366516.917371, 7987
1699366518.288692, 8013
1699366519.739124, 8041
1699366521.300534, 8069
1699366522.668432, 8095
1699366524.042278, 8120
1699366525.441563, 8146
1699366527.020795, 8174
1699366529.067951, 8204
1699366530.903272, 8241
1699366532.966645, 8277
1699366534.329386, 8304
1699366535.734425, 8327
1699366537.227703, 8355
1699366538.726777, 8381
1699366540.169104, 8410
1699366542.080378, 8441
1699366543.512232, 8469
1699366544.984069, 8496
1699366546.686095, 8526
1699366548.260530, 8557
1699366549.758636, 8584
1699366551.168043, 8610
1699366552.603354, 8634
1699366553.972108, 8660
1699366555.847728, 8695
1699366557.289298, 8722
1699366558.809355, 8748
1699366560.564972, 8780
1699366561.921661, 8806
1699366563.304910, 8830
1699366564.650054, 8854
1699366566.057051, 8877
1699366567.845285, 8911
1699366569.859763, 8949
1699366571.251484, 8973
1699366572.717164, 8998
1699366574.377349, 9030
1699366575.734596, 9054
1699366577.184964, 9079
1699366578.528543, 9104
1699366579.973318, 9128
1699366581.361130, 9154
1699366582.837931, 9180
1699366584.316048, 9208
1699366585.811895, 9233
1699366587.221530, 9260
1699366588.623733, 9287
1699366590.125517, 9314
1699366591.491766, 9339
1699366592.910993, 9363
1699366594.474317, 9391
1699366595.855003, 9416
1699366597.363688, 9443
1699366598.890299, 9470
1699366600.288438, 9496
1699366601.710904, 9523
1699366603.135988, 9548
1699366604.517680, 9570
1699366605.894768, 9596
1699366607.263329, 9622
1699366608.639188, 9647
1699366610.012908, 9671
1699366611.365862, 9697
1699366612.731999, 9719
1699366614.093715, 9745
1699366615.496115, 9768
1699366616.904970, 9795
1699366618.298188, 9818
1699366619.679908, 9844
1699366621.001898, 9868
1699366622.390501, 9890
1699366623.708229, 9916
1699366625.174182, 9941
1699366626.509745, 9965
1699366627.892755, 9989
1699366629.434544, 10019
1699366630.829336, 10045
1699366632.242726, 10069
1699366633.658406, 10097
1699366635.012661, 10121
1699366636.646440, 10153
1699366638.001614, 10177
1699366639.481706, 10202
1699366640.880811, 10230
1699366642.321078, 10253
1699366643.700685, 10280
1699366645.102585, 10306
1699366646.456949, 10328
1699366647.954795, 10356
1699366649.258202, 10380
1699366650.637544, 10405
1699366651.964065, 10430
1699366653.382715, 10455
1699366654.726317, 10478
1699366656.086083, 10502
1699366657.459021, 10531
1699366658.888332, 10558
1699366660.308081, 10584
1699366661.721187, 10611
1699366663.288863, 10639
1699366665.047226, 10667
1699366667.025476, 10706
1699366668.402450, 10730
1699366669.845403, 10757
1699366671.226364, 10780
1699366672.618754, 10808
1699366673.970668, 10832
1699366675.391325, 10860
1699366676.817225, 10884
1699366678.258014, 10908
1699366679.663017, 10933
1699366681.073021, 10961
1699366682.899019, 10991
1699366684.479915, 11020
1699366686.068730, 11049
1699366687.615237, 11076
1699366689.365079, 11109
1699366690.788048, 11134
1699366692.211859, 11160
1699366693.679179, 11187
1699366695.113124, 11213
1699366696.756140, 11243
1699366698.094153, 11268
1699366700.023936, 11303
1699366701.387183, 11329
1699366702.752687, 11353
1699366704.133349, 11376
1699366705.585183, 11404
1699366706.949914, 11431
1699366708.347681, 11457
1699366709.683660, 11483
1699366711.209056, 11509
1699366712.590141, 11533
1699366713.919548, 11557
1699366715.276418, 11584
1699366716.750795, 11608
1699366718.294197, 11637
1699366719.709616, 11663
1699366721.018021, 11688
1699366722.356000, 11711
1699366723.736535, 11735
1699366725.099579, 11761
1699366726.451558, 11784
1699366727.865151, 11810
1699366729.583133, 11838
1699366730.930559, 11865
1699366732.320953, 11890
1699366733.691401, 11917
1699366735.015719, 11938
1699366736.405109, 11963
1699366737.814613, 11990
1699366739.177472, 12015
1699366740.604857, 12041
1699366741.924795, 12067
1699366743.436712, 12092
1699366744.800922, 12118
1699366746.169374, 12143
1699366747.520529, 12166
1699366748.912698, 12191
1699366750.266339, 12216
1699366751.680699, 12243
1699366753.091496, 12265
1699366754.461121, 12291
1699366755.877003, 12315
1699366757.461791, 12343
1699366758.848094, 12369
1699366760.242083, 12393
1699366761.629604, 12421
1699366763.126208, 12448
1699366764.512601, 12471
1699366765.924271, 12496
1699366767.550538, 12527
1699366768.914530, 12550
1699366770.297882, 12577
1699366771.724575, 12601
1699366773.118584, 12626
1699366775.189891, 12664
1699366777.849113, 12712
1699366779.818874, 12747
1699366781.257073, 12774
1699366782.754812, 12801
1699366784.224902, 12830
1699366785.643043, 12852
1699366787.035985, 12879
1699366788.409242, 12902
1699366789.798189, 12927
1699366791.257545, 12954
1699366792.652029, 12978
1699366794.016186, 13003
1699366795.302569, 13025
1699366796.650726, 13049
1699366798.306602, 13081
1699366799.877329, 13109
1699366801.341840, 13134
1699366802.718330, 13159
1699366804.146708, 13188
1699366805.713424, 13216
1699366807.619107, 13249
1699366809.525696, 13285
1699366811.187991, 13315
1699366812.636137, 13342
1699366813.969192, 13364
1699366815.380431, 13389
1699366816.958862, 13419
1699366818.329078, 13442
1699366819.744406, 13468
1699366821.109078, 13493
1699366822.465094, 13518
1699366823.835825, 13544
1699366825.244464, 13567
1699366826.680792, 13593
1699366827.982239, 13619
1699366829.352733, 13643
1699366830.765800, 13667
1699366832.417984, 13699
1699366834.343153, 13733
1699366835.968668, 13763
1699366837.642658, 13792
1699366839.075025, 13819
1699366840.448111, 13842
1699366841.855953, 13870
1699366843.166394, 13894
1699366844.549901, 13916
1699366846.190315, 13947
1699366847.536178, 13970
1699366848.977464, 13996
1699366850.474522, 14022
1699366851.853947, 14048
1699366853.219897, 14072
1699366854.574610, 14095
1699366855.916508, 14120
1699366857.548990, 14150
1699366858.967086, 14175
1699366860.393713, 14199
1699366861.768967, 14223
1699366863.148148, 14247
1699366864.948797, 14280
1699366866.945071, 14317
1699366868.630639, 14349
1699366870.226418, 14380
1699366871.822432, 14408
1699366873.245486, 14434
1699366874.807411, 14464
1699366876.359319, 14491
1699366877.735067, 14515
1699366879.096790, 14539
1699366880.452230, 14565
1699366881.903128, 14592
1699366883.265912, 14614
1699366884.630231, 14639
1699366886.001655, 14664
1699366887.362756, 14688
1699366888.717580, 14712
1699366890.118180, 14737
1699366891.510190, 14763
1699366892.908274, 14788
1699366894.277515, 14812
1699366895.608155, 14834
1699366896.962843, 14862
1699366898.335126, 14886
1699366899.786735, 14910
1699366901.430026, 14942
1699366902.831024, 14965
1699366904.200205, 14992
1699366905.617960, 15015
1699366907.070972, 15042
1699366908.475867, 15067
1699366909.874772, 15094
1699366911.319112, 15121
1699366912.898473, 15148
1699366914.302833, 15175
1699366915.630758, 15200
1699366917.009016, 15225
1699366918.508405, 15250
1699366920.068480, 15278
1699366921.575420, 15304
1699366922.863078, 15331
1699366924.370977, 15360
1699366925.747632, 15389
1699366927.076210, 15417
1699366928.479415, 15442
1699366930.056530, 15472
1699366931.494932, 15498
1699366932.882808, 15523
1699366934.246118, 15549
1699366935.735072, 15576
1699366937.434652, 15608
1699366938.837405, 15634
1699366940.181604, 15664
1699366941.724030, 15713
1699366943.117640, 15736
1699366944.522200, 15763
1699366945.928030, 15788
1699366947.527061, 15817
1699366948.930286, 15842
1699366950.377654, 15869
1699366951.770034, 15894
1699366953.159102, 15918
1699366954.765237, 15947
1699366956.306879, 15975
1699366957.689217, 16000
1699366959.055121, 16025
1699366960.378791, 16050
1699366961.868257, 16074
1699366963.303535, 16100
1699366964.618363, 16126
1699366965.986488, 16152
1699366967.337432, 16175
1699366968.746758, 16200
1699366970.171661, 16227
1699366971.696653, 16257
1699366973.159520, 16282
1699366974.533285, 16306
1699366975.995157, 16333
1699366977.332318, 16356
1699366978.813731, 16382
1699366980.790743, 16418
1699366982.500040, 16447
1699366983.873305, 16472
1699366985.316582, 16499
1699366986.744680, 16524
1699366988.159216, 16551
1699366989.565175, 16576
1699366991.061640, 16603
1699366992.406708, 16629
1699366993.802221, 16653
1699366995.238045, 16680
1699366996.639821, 16706
1699366998.011149, 16731
1699366999.431041, 16761
1699367000.886413, 16786
1699367002.275161, 16813
1699367004.152231, 16844
1699367005.580041, 16875
1699367006.992795, 16899
1699367008.305691, 16925
1699367009.687867, 16949
1699367011.202042, 16976
1699367012.797067, 17004
1699367014.130055, 17029
1699367015.551803, 17053
1699367016.909215, 17078
1699367018.274488, 17103
1699367019.976974, 17132
1699367021.333966, 17157
1699367022.704974, 17180
1699367024.060648, 17207
1699367025.421486, 17231
1699367026.772856, 17257
1699367028.170370, 17283
1699367029.539269, 17306
1699367030.989599, 17333
1699367032.410461, 17359
1699367033.861402, 17386
1699367035.605392, 17415
1699367036.954537, 17440
1699367038.359769, 17465
1699367039.808885, 17492
1699367041.144958, 17515
1699367042.561116, 17539
1699367043.949550, 17564
1699367045.375272, 17590
1699367046.712558, 17614
1699367048.310332, 17643
1699367049.645851, 17667
1699367051.040484, 17692
1699367052.422394, 17718
1699367053.843418, 17743
1699367055.264566, 17770
1699367056.723923, 17797
1699367058.063413, 17822
1699367059.433291, 17846
1699367060.794396, 17872
1699367062.148868, 17900
1699367063.495087, 17922
1699367064.870698, 17947
1699367066.262490, 17973
1699367067.616705, 17995
1699367069.120585, 18024
1699367070.532320, 18050
1699367071.943613, 18076
1699367073.297969, 18100
1699367074.713728, 18123
1699367076.089578, 18149
1699367077.529974, 18176
1699367078.954052, 18200
1699367080.393779, 18226
1699367081.789912, 18250
1699367083.188101, 18277
1699367084.526175, 18300
1699367085.901907, 18327
1699367087.313821, 18352
1699367088.675695, 18377
1699367090.057111, 18403
1699367091.398896, 18426
1699367092.787044, 18450
1699367094.173763, 18476
1699367095.585224, 18502
1699367097.001216, 18528
1699367098.443244, 18556
1699367099.779273, 18582
1699367101.101763, 18604
1699367102.572895, 18631
1699367104.024460, 18654
1699367105.340406, 18679
1699367106.688297, 18704
1699367108.057915, 18729
1699367109.602590, 18758
1699367110.999516, 18785
1699367112.378957, 18810
1699367113.792506, 18834
1699367115.363200, 18864
1699367116.718858, 18886
1699367118.068043, 18912
1699367119.496415, 18939
1699367120.856223, 18962
1699367122.239381, 18987
1699367123.597416, 19013
1699367125.014701, 19039
1699367126.338329, 19063
1699367127.639711, 19086
1699367129.038665, 19110
1699367130.458179, 19139
1699367131.828700, 19164
1699367133.391327, 19192
1699367134.756580, 19218
1699367136.111943, 19239
1699367137.490447, 19265
1699367138.852594, 19287
1699367140.255734, 19313
1699367141.670289, 19337
1699367143.092779, 19364
1699367144.468070, 19387
1699367145.814130, 19413
1699367147.221747, 19439
1699367148.601463, 19464
1699367149.982214, 19491
1699367151.363903, 19516
1699367152.776998, 19539
1699367154.189209, 19566
1699367155.663425, 19593
1699367157.118555, 19619
1699367158.672963, 19650
1699367160.261108, 19681
1699367161.833120, 19708
1699367163.233824, 19734
1699367164.671034, 19759
1699367166.145216, 19785
1699367167.499175, 19810
1699367168.852277, 19835
1699367170.221596, 19858
1699367171.675639, 19883
1699367173.063717, 19910
1699367174.408424, 19937
1699367175.831033, 19960
1699367177.188995, 19985
1699367178.539541, 20010
1699367179.902947, 20034
1699367181.452921, 20063
1699367182.782462, 20085
1699367184.157021, 20110
1699367185.587756, 20135
1699367186.962714, 20161
1699367188.309421, 20185
1699367189.709512, 20209
1699367191.120214, 20234
1699367192.695844, 20263
1699367194.030101, 20288
1699367195.438547, 20314
1699367196.811233, 20337
1699367198.194456, 20362
1699367199.526859, 20386
1699367200.900306, 20410
1699367202.263195, 20438
1699367203.887572, 20466
1699367205.475466, 20492
1699367207.021088, 20521
1699367208.370548, 20545
1699367209.774966, 20570
1699367211.198555, 20596
1699367212.552203, 20623
1699367213.930664, 20646
1699367215.299453, 20670
1699367216.639419, 20694
1699367218.070442, 20720
1699367219.411624, 20743
1699367220.721859, 20768
1699367222.180008, 20796
1699367224.026835, 20827
1699367225.575896, 20857
1699367227.094563, 20882
1699367228.452770, 20906
1699367229.819828, 20932
1699367231.157653, 20955
1699367232.724466, 20983
1699367234.141556, 21008
1699367235.518641, 21034
1699367236.887711, 21059
1699367238.290785, 21084
1699367239.673377, 21107
1699367241.014584, 21133
1699367242.347306, 21158
1699367243.731106, 21183
1699367245.127536, 21209
1699367246.612279, 21237
1699367247.979825, 21260
1699367249.386796, 21285
1699367250.770285, 21308
1699367252.130363, 21333
1699367254.028097, 21368
1699367255.373867, 21395
1699367256.772784, 21420
1699367258.264081, 21447
1699367259.666579, 21473
1699367261.075552, 21498
1699367262.432998, 21520
