1699013386.756386, 271
1699013388.099687, 514
1699013389.490647, 772
1699013390.901219, 1029
1699013392.345099, 1290
1699013393.874223, 1568
1699013395.257661, 1822
1699013396.640303, 2080
1699013397.962059, 2317
1699013399.304834, 2563
1699013400.655141, 2815
1699013401.980937, 3062
1699013403.310707, 3299
1699013404.654701, 3549
1699013406.641590, 3915
1699013408.306337, 4222
1699013409.758492, 4480
1699013411.117701, 4727
1699013412.437096, 4969
1699013413.903928, 5241
1699013415.178353, 5476
1699013416.622251, 5739
1699013417.972277, 5982
1699013419.395883, 6231
1699013420.748050, 6491
1699013422.081973, 6740
1699013423.388872, 6981
1699013424.656761, 7213
1699013425.988328, 7454
1699013427.320190, 7696
1699013428.668216, 7948
1699013429.975706, 8183
1699013431.344100, 8426
1699013432.701354, 8676
1699013434.013523, 8917
1699013435.324898, 9153
1699013436.855930, 9437
1699013438.160157, 9682
1699013439.449015, 9910
1699013440.764570, 10155
1699013442.036212, 10387
1699013443.410972, 10632
1699013444.723348, 10876
1699013446.073131, 11121
1699013447.344565, 11360
1699013448.938926, 11645
1699013450.252699, 11894
1699013451.589525, 12130
1699013452.941500, 12379
1699013454.296129, 12633
1699013455.626436, 12870
1699013456.931470, 13110
1699013458.343961, 13371
1699013459.781999, 13634
1699013461.128301, 13885
1699013462.380155, 14119
1699013463.632597, 14347
1699013465.457162, 14670
1699013467.018920, 14965
1699013468.665578, 15271
1699013470.140806, 15536
1699013471.563156, 15796
1699013472.887962, 16047
1699013474.385886, 16319
1699013475.779879, 16576
1699013477.238475, 16844
1699013478.575910, 17095
1699013479.966303, 17340
1699013481.287952, 17588
1699013482.593171, 17831
1699013483.967783, 18080
1699013485.303858, 18333
1699013486.609477, 18565
1699013487.943214, 18815
1699013489.476656, 19089
1699013490.918016, 19353
1699013492.219514, 19590
1699013493.601786, 19845
1699013495.021009, 20104
1699013496.402318, 20360
1699013497.747698, 20603
1699013499.121124, 20860
1699013500.512194, 21112
1699013501.864001, 21367
1699013503.169344, 21600
1699013504.517923, 21847
1699013505.981743, 22116
1699013507.287817, 22364
1699013508.554981, 22595
1699013509.851460, 22829
1699013511.183904, 23073
1699013512.494721, 23318
1699013513.804242, 23553
1699013515.213817, 23814
1699013516.589571, 24064
1699013517.938803, 24313
1699013519.259080, 24551
1699013520.625762, 24803
1699013521.948714, 25053
1699013523.327830, 25300
1699013524.720117, 25558
1699013526.021070, 25798
1699013527.379148, 26047
1699013528.767071, 26283
1699013530.055695, 26538
1699013531.442844, 26793
1699013532.809046, 27046
1699013534.106933, 27285
1699013535.376277, 27517
1699013536.723631, 27757
1699013538.086082, 28013
1699013539.427503, 28263
1699013540.700750, 28498
1699013542.001244, 28735
1699013543.308146, 28971
1699013544.624572, 29216
1699013546.062881, 29460
1699013547.380269, 29727
1699013548.782497, 29980
1699013550.042404, 30217
1699013551.363470, 30462
1699013552.684009, 30703
1699013554.054841, 30946
1699013555.452686, 31209
1699013556.862198, 31460
1699013558.164593, 31697
1699013559.564699, 31960
1699013560.923408, 32203
1699013562.253502, 32447
1699013563.801537, 32735
1699013565.110226, 32975
1699013566.437454, 33213
1699013567.788259, 33463
1699013569.075333, 33706
1699013570.378163, 33944
1699013571.696166, 34181
1699013573.001866, 34426
1699013574.284229, 34660
1699013575.598937, 34898
1699013576.937848, 35147
1699013578.287748, 35387
1699013579.581455, 35634
1699013580.985791, 35885
1699013582.324342, 36133
1699013583.681544, 36382
1699013584.955242, 36614
1699013586.304816, 36860
1699013587.885761, 37144
1699013589.181349, 37380
1699013590.525309, 37633
1699013591.827144, 37872
1699013593.105491, 38109
1699013594.436357, 38353
1699013595.746400, 38589
1699013597.063442, 38832
1699013598.358956, 39075
1699013599.665037, 39314
1699013601.037338, 39564
1699013602.376335, 39804
1699013603.789076, 40065
1699013605.175119, 40320
1699013606.513888, 40562
1699013607.828484, 40803
1699013609.135195, 41045
1699013610.506236, 41294
1699013611.808730, 41537
1699013613.147784, 41779
1699013614.436215, 42022
1699013615.836138, 42271
1699013617.113201, 42514
1699013618.459630, 42753
1699013619.752230, 42989
1699013621.111096, 43236
1699013622.431771, 43480
1699013623.692135, 43718
1699013625.048798, 43961
1699013626.358295, 44203
1699013627.692699, 44448
1699013628.997527, 44688
1699013630.339028, 44932
1699013631.675458, 45178
1699013633.067149, 45435
1699013634.407622, 45682
1699013635.772510, 45931
1699013637.062775, 46171
1699013638.555650, 46446
1699013639.883753, 46687
1699013641.305083, 46946
1699013643.083061, 47266
1699013644.566238, 47548
1699013645.913053, 47788
1699013647.269187, 48037
1699013648.631772, 48291
1699013649.956925, 48534
1699013651.232327, 48768
1699013652.539371, 49003
1699013653.889833, 49254
1699013655.250030, 49502
1699013656.654108, 49754
1699013658.002070, 50010
1699013659.359777, 50258
1699013660.696197, 50497
1699013662.033257, 50749
1699013663.503081, 51009
1699013665.015817, 51293
1699013666.354572, 51541
1699013667.699937, 51784
1699013669.035459, 52032
1699013670.363476, 52271
1699013671.801849, 52538
1699013673.243410, 52799
1699013674.581485, 53046
1699013675.956747, 53298
1699013677.287663, 53543
1699013678.759225, 53810
1699013680.058594, 54045
1699013681.369334, 54285
1699013682.730927, 54538
1699013684.098661, 54789
1699013685.454253, 55041
1699013686.763113, 55277
1699013688.082155, 55523
1699013689.381764, 55763
1699013690.699434, 56005
1699013692.169894, 56273
1699013693.556847, 56528
1699013694.829780, 56765
1699013696.416197, 57051
1699013697.751008, 57306
1699013699.115266, 57558
1699013700.441336, 57795
1699013701.784240, 58048
1699013703.088834, 58282
1699013704.364701, 58518
1699013705.711665, 58766
1699013707.029439, 59010
1699013708.304284, 59242
1699013709.905563, 59536
1699013711.523494, 59832
1699013713.342700, 60164
1699013714.633520, 60399
1699013715.904639, 60632
1699013717.420224, 60899
1699013719.003323, 61194
1699013720.371791, 61447
1699013721.658758, 61684
1699013722.995986, 61924
1699013724.838408, 62265
1699013726.182711, 62501
1699013727.529613, 62753
1699013728.923654, 63004
1699013730.236857, 63251
1699013731.747967, 63525
1699013733.069269, 63769
1699013734.517270, 64033
1699013735.999131, 64287
1699013737.311781, 64541
1699013738.614762, 64777
1699013739.920543, 65023
1699013741.347292, 65283
1699013742.666384, 65529
1699013743.963451, 65767
1699013745.216639, 65997
1699013746.531226, 66242
1699013747.923455, 66489
1699013749.329646, 66753
1699013750.771550, 67018
1699013752.114228, 67259
1699013753.470241, 67510
1699013754.772321, 67748
1699013756.100261, 67990
1699013757.455211, 68243
1699013759.041795, 68496
1699013760.353139, 68771
1699013761.711147, 69021
1699013763.016611, 69259
1699013764.402933, 69509
1699013766.169693, 69820
1699013767.560598, 70088
1699013768.942919, 70347
1699013770.226353, 70583
1699013771.546618, 70822
1699013773.026105, 71087
1699013774.405567, 71343
1699013775.756222, 71589
1699013777.108958, 71836
1699013778.405468, 72076
1699013779.708326, 72318
1699013780.972224, 72547
1699013782.346262, 72797
1699013784.025964, 73098
1699013785.416932, 73363
1699013786.800025, 73610
1699013788.117933, 73855
1699013789.540365, 74116
1699013790.876484, 74357
1699013792.246062, 74611
1699013793.638759, 74863
1699013794.905172, 75099
1699013796.170257, 75335
1699013797.477117, 75571
1699013798.881920, 75831
1699013800.228425, 76075
1699013801.555382, 76324
1699013802.909587, 76565
1699013804.242608, 76806
1699013805.617967, 77061
1699013806.884993, 77296
1699013808.211000, 77533
1699013809.520081, 77770
1699013811.021140, 78044
1699013812.411068, 78294
1699013813.811778, 78558
1699013815.180190, 78803
1699013816.501168, 79051
1699013818.083778, 79342
1699013819.349267, 79571
1699013820.677481, 79818
1699013821.980707, 80056
1699013823.329143, 80300
1699013824.667869, 80539
1699013826.020950, 80786
1699013827.328827, 81017
1699013828.704488, 81265
1699013830.054152, 81512
1699013831.332585, 81740
1699013832.715043, 81983
1699013834.127986, 82235
1699013835.537920, 82478
1699013836.866426, 82719
1699013838.212881, 82965
1699013839.616621, 83217
1699013840.874990, 83457
1699013842.150274, 83688
1699013844.317666, 84058
1699013845.819596, 84343
1699013847.139520, 84571
1699013848.507749, 84815
1699013849.855651, 85059
1699013851.338882, 85313
1699013852.801475, 85567
1699013854.148891, 85802
1699013855.464463, 86037
1699013856.780508, 86267
1699013858.160241, 86507
1699013859.580782, 86748
1699013860.995187, 86989
1699013862.484769, 87241
1699013863.889544, 87484
1699013865.256194, 87714
1699013866.994396, 87995
1699013868.687592, 88300
1699013870.088185, 88539
1699013871.490834, 88775
1699013872.835376, 88997
1699013874.264304, 89242
1699013875.804102, 89494
1699013877.219900, 89726
1699013878.563513, 89948
1699013879.838246, 90162
1699013881.219242, 90387
1699013882.531209, 90601
1699013883.847970, 90814
1699013885.203276, 91034
1699013886.533384, 91250
1699013887.945510, 91480
1699013889.264274, 91688
1699013890.605369, 91901
1699013891.969244, 92127
1699013893.417492, 92362
1699013894.722607, 92568
1699013896.459864, 92849
1699013897.847762, 93072
1699013899.200526, 93293
1699013900.526006, 93504
1699013901.824124, 93712
1699013903.329085, 93949
1699013904.642727, 94161
1699013905.983249, 94376
1699013907.380106, 94595
1699013908.843858, 94831
1699013910.254420, 95056
1699013911.589580, 95266
1699013912.942852, 95484
1699013914.199347, 95689
1699013915.520829, 95902
1699013916.819589, 96112
1699013918.193178, 96329
1699013919.677426, 96568
1699013922.581389, 96993
1699013924.114981, 97272
1699013925.496963, 97498
1699013926.896921, 97741
1699013928.591889, 98012
1699013929.920366, 98230
1699013931.231652, 98443
1699013932.509690, 98654
1699013933.834328, 98863
1699013935.211156, 99088
1699013936.544409, 99299
1699013937.858937, 99516
1699013939.163082, 99724
1699013940.509526, 99944
1699013941.869030, 100167
1699013943.383235, 100414
1699013945.258256, 100702
1699013946.606770, 100943
1699013947.930034, 101155
1699013949.756184, 101449
1699013951.084124, 101671
1699013952.487437, 101898
1699013953.835652, 102119
1699013955.158714, 102336
1699013956.556183, 102568
1699013957.892900, 102787
1699013959.239366, 103007
1699013960.848431, 103265
1699013962.185611, 103494
1699013963.473595, 103708
1699013964.859128, 103935
1699013966.153110, 104147
1699013967.527653, 104369
1699013968.867790, 104588
1699013970.213000, 104807
1699013971.539623, 105031
1699013972.969832, 105260
1699013974.358014, 105487
1699013975.653311, 105708
1699013976.938491, 105923
1699013978.323329, 106148
1699013979.598611, 106361
1699013980.970145, 106585
1699013982.308774, 106805
1699013983.720618, 107032
1699013985.137688, 107266
1699013986.554063, 107497
1699013987.903020, 107721
1699013989.272193, 107942
1699013990.735407, 108179
1699013992.131927, 108419
1699013993.472903, 108631
1699013994.817203, 108853
1699013996.202496, 109082
1699013997.501577, 109295
1699013998.789871, 109510
1699014000.074981, 109718
1699014001.465430, 109939
1699014002.802579, 110166
1699014004.148367, 110384
1699014005.564811, 110614
1699014006.932475, 110838
1699014008.298100, 111059
1699014009.663620, 111285
1699014011.037292, 111502
1699014012.515784, 111753
1699014014.553298, 112060
1699014016.260323, 112362
1699014017.583732, 112580
1699014018.914783, 112801
1699014020.266972, 113021
1699014021.628153, 113240
1699014023.055621, 113478
1699014024.374897, 113694
1699014025.829744, 113929
1699014027.295835, 114170
1699014028.720734, 114398
1699014030.138060, 114635
1699014031.443486, 114848
1699014032.819136, 115068
1699014034.128352, 115286
1699014035.692890, 115540
1699014037.015723, 115757
1699014038.356177, 115970
1699014039.749394, 116198
1699014041.225848, 116435
1699014042.535562, 116654
1699014043.838433, 116867
1699014045.324674, 117103
1699014046.649487, 117322
1699014048.050723, 117546
1699014049.396804, 117769
1699014050.695363, 117979
1699014051.991363, 118189
1699014053.306789, 118404
1699014054.598666, 118611
1699014055.981605, 118836
1699014057.303259, 119047
1699014058.735720, 119284
1699014060.070323, 119500
1699014061.421420, 119718
1699014062.735041, 119933
1699014064.134098, 120146
1699014065.591362, 120391
1699014066.942895, 120611
1699014068.248137, 120824
1699014069.568029, 121044
1699014071.011444, 121268
1699014072.386559, 121492
1699014073.712158, 121712
1699014075.041589, 121923
1699014076.408144, 122145
1699014077.815772, 122370
1699014079.147740, 122584
1699014080.498615, 122802
1699014081.844587, 123022
1699014083.151618, 123233
1699014084.447656, 123438
1699014085.778737, 123652
1699014087.276455, 123894
1699014088.549151, 124099
1699014089.917023, 124317
1699014091.235312, 124534
1699014092.656345, 124757
1699014094.031696, 124979
1699014095.372745, 125189
1699014096.711468, 125408
1699014098.069000, 125628
1699014099.373679, 125840
1699014100.701359, 126047
1699014102.073850, 126273
1699014103.453140, 126490
1699014104.822640, 126711
1699014106.136864, 126920
1699014107.535261, 127143
1699014108.837561, 127349
1699014110.451731, 127607
1699014111.754999, 127820
1699014113.090720, 128034
1699014114.425379, 128245
1699014115.777757, 128462
1699014117.172339, 128682
1699014118.523273, 128897
1699014119.893302, 129119
1699014121.418236, 129360
1699014122.725996, 129567
1699014124.060213, 129782
1699014125.376123, 129988
1699014126.724780, 130199
1699014128.072197, 130417
1699014129.358079, 130622
1699014130.750840, 130835
