1699365327.025907, 99
1699365328.395453, 165
1699365329.783912, 225
1699365331.180762, 290
1699365332.580526, 353
1699365334.297002, 430
1699365335.635385, 493
1699365336.942801, 551
1699365338.278945, 612
1699365339.609417, 675
1699365341.014031, 739
1699365342.398512, 802
1699365343.739155, 864
1699365345.090892, 923
1699365346.446447, 983
1699365347.825438, 1046
1699365349.175229, 1109
1699365350.540710, 1170
1699365351.915858, 1235
1699365353.288435, 1300
1699365354.678518, 1361
1699365356.231745, 1432
1699365357.521379, 1491
1699365358.910797, 1553
1699365360.244057, 1615
1699365361.581584, 1677
1699365362.974424, 1739
1699365364.615446, 1802
1699365365.939972, 1877
1699365367.303828, 1937
1699365368.883266, 2008
1699365370.280990, 2073
1699365371.602210, 2134
1699365372.952713, 2197
1699365374.310330, 2256
1699365375.933776, 2330
1699365377.304688, 2391
1699365378.607936, 2453
1699365379.936957, 2511
1699365381.298697, 2573
1699365382.660254, 2633
1699365383.981303, 2695
1699365385.350147, 2757
1699365386.674609, 2818
1699365388.084000, 2882
1699365389.453490, 2946
1699365390.853798, 3010
1699365392.499255, 3086
1699365393.976298, 3154
1699365395.360469, 3217
1699365397.472075, 3313
1699365398.843637, 3376
1699365400.337984, 3444
1699365401.703447, 3506
1699365403.064311, 3569
1699365404.502455, 3632
1699365405.951812, 3699
1699365407.311371, 3762
1699365408.625731, 3822
1699365410.200953, 3894
1699365411.562808, 3956
1699365413.004214, 4021
1699365414.346433, 4084
1699365415.892614, 4154
1699365417.252596, 4217
1699365418.625318, 4277
1699365420.037313, 4342
1699365421.565617, 4412
1699365423.007793, 4481
1699365424.299413, 4540
1699365425.617293, 4600
1699365426.912292, 4657
1699365428.246238, 4719
1699365429.751174, 4784
1699365432.102310, 4892
1699365433.517552, 4957
1699365434.857582, 5018
1699365436.224285, 5079
1699365437.517473, 5141
1699365439.383755, 5227
1699365440.701961, 5286
1699365442.080851, 5347
1699365443.485529, 5412
1699365444.830432, 5475
1699365446.190998, 5536
1699365447.485631, 5595
1699365448.845858, 5656
1699365450.309041, 5724
1699365451.583535, 5783
1699365452.965290, 5844
1699365454.351465, 5909
1699365455.749520, 5974
1699365457.079128, 6036
1699365458.442323, 6098
1699365459.846973, 6160
1699365461.239187, 6225
1699365462.548949, 6287
1699365463.935735, 6348
1699365465.336397, 6412
1699365466.703997, 6474
1699365468.084226, 6538
1699365469.482221, 6602
1699365470.842542, 6664
1699365472.183325, 6726
1699365473.615212, 6790
1699365475.005819, 6857
1699365476.388847, 6919
1699365477.717458, 6978
1699365479.315879, 7054
1699365480.683965, 7113
1699365481.981561, 7176
1699365483.311861, 7236
1699365484.680507, 7294
1699365486.032538, 7357
1699365487.315691, 7413
1699365488.651258, 7467
1699365489.986402, 7525
1699365491.319093, 7579
1699365492.665530, 7634
1699365494.187042, 7698
1699365495.502981, 7752
1699365496.832095, 7806
1699365498.157859, 7859
1699365499.500678, 7915
1699365500.821513, 7968
1699365502.424312, 8036
1699365503.726258, 8089
1699365505.075812, 8144
1699365506.476471, 8200
1699365507.906241, 8255
1699365509.280857, 8309
1699365510.655252, 8362
1699365511.984287, 8414
1699365513.318060, 8468
1699365514.695919, 8521
1699365516.021838, 8572
1699365517.354825, 8627
1699365518.710503, 8675
1699365520.045791, 8730
1699365521.377824, 8781
1699365522.699218, 8834
1699365524.033179, 8884
1699365525.470613, 8940
1699365526.752185, 8990
1699365528.108927, 9040
1699365529.460183, 9092
1699365531.021935, 9153
1699365532.536901, 9209
1699365533.907834, 9260
1699365535.235365, 9310
1699365536.771736, 9369
1699365538.101708, 9419
1699365539.455316, 9468
1699365540.762775, 9518
1699365542.470292, 9579
1699365544.215804, 9643
1699365545.631568, 9697
1699365547.000703, 9746
1699365548.358060, 9796
1699365549.731541, 9842
1699365551.076783, 9890
1699365552.408111, 9938
1699365553.773272, 9986
1699365555.272252, 10039
1699365556.676025, 10088
1699365557.965325, 10137
1699365559.308939, 10183
1699365560.626595, 10229
1699365562.502351, 10294
1699365563.991625, 10344
1699365565.606688, 10401
1699365566.966816, 10446
1699365568.378580, 10497
1699365569.747428, 10542
1699365571.181787, 10592
1699365572.547406, 10638
1699365573.851441, 10685
1699365575.154042, 10728
1699365576.581977, 10775
1699365578.230986, 10828
1699365579.756192, 10878
1699365581.248059, 10927
1699365582.833071, 10978
1699365584.430295, 11028
1699365586.622235, 11099
1699365588.767712, 11151
1699365590.192565, 11215
1699365591.649449, 11260
1699365592.995859, 11306
1699365594.420606, 11352
1699365595.774594, 11397
1699365597.122445, 11440
1699365598.558573, 11487
1699365600.170331, 11540
1699365601.511522, 11582
1699365603.014333, 11631
1699365604.351816, 11675
1699365605.800764, 11721
1699365607.124494, 11763
1699365608.501572, 11809
1699365609.826194, 11853
1699365611.101563, 11895
1699365612.431883, 11936
1699365613.794920, 11982
1699365615.142880, 12024
1699365616.495376, 12067
1699365617.778107, 12110
1699365619.190393, 12155
1699365620.483012, 12198
1699365621.756555, 12239
1699365623.244959, 12285
1699365624.612302, 12332
1699365625.914540, 12375
1699365627.280749, 12418
1699365628.892658, 12468
1699365630.298257, 12514
1699365631.630929, 12556
1699365632.982803, 12599
1699365634.362466, 12645
1699365635.930683, 12696
1699365637.288789, 12740
1699365638.611548, 12782
1699365639.939024, 12823
1699365641.220599, 12866
1699365642.549134, 12909
1699365643.893730, 12952
1699365645.316905, 12996
1699365646.610314, 13040
1699365648.022149, 13085
1699365649.314937, 13126
1699365650.655434, 13170
1699365651.984474, 13210
1699365653.295684, 13253
1699365654.655672, 13293
1699365656.024526, 13336
1699365657.353612, 13377
1699365658.755927, 13422
1699365660.185816, 13466
1699365661.479178, 13506
1699365662.857499, 13547
1699365664.229926, 13588
1699365665.567705, 13630
1699365666.918776, 13670
1699365668.201788, 13709
1699365669.577152, 13752
1699365670.979016, 13795
1699365672.313168, 13834
1699365673.733421, 13876
1699365675.073680, 13916
1699365676.402558, 13956
1699365677.802208, 13996
1699365679.149448, 14037
1699365680.878919, 14089
1699365682.316546, 14130
1699365683.662173, 14171
1699365685.028374, 14210
1699365686.422944, 14250
1699365687.741559, 14289
1699365689.233227, 14330
1699365690.610731, 14369
1699365692.088565, 14412
1699365693.509491, 14451
1699365694.844884, 14489
1699365696.225880, 14526
1699365697.573440, 14563
1699365699.006683, 14602
1699365700.740071, 14652
1699365702.079527, 14688
1699365703.435612, 14726
1699365704.987881, 14768
1699365706.335055, 14805
1699365707.635659, 14840
1699365708.969758, 14876
1699365710.368591, 14911
1699365711.752632, 14947
1699365713.130577, 14985
1699365714.429262, 15017
1699365715.811460, 15053
1699365717.217335, 15089
1699365718.508594, 15124
1699365719.880472, 15159
1699365721.261566, 15194
1699365722.692068, 15232
1699365724.013069, 15266
1699365725.322959, 15301
1699365726.633883, 15335
1699365728.014081, 15370
1699365729.355114, 15406
1699365730.765782, 15441
1699365732.046968, 15476
1699365733.615108, 15516
1699365735.060544, 15553
1699365736.434164, 15589
1699365737.723253, 15623
1699365739.097566, 15636
1699365740.384338, 15636
1699365741.690276, 15636
1699365743.158081, 15636
1699365744.453201, 15636
1699365745.778275, 15636
1699365747.118802, 15636
1699365748.455792, 15636
1699365749.830961, 15636
1699365751.111314, 15636
1699365752.435600, 15636
1699365753.739409, 15636
1699365755.138691, 15636
1699365756.466046, 15636
1699365757.759003, 15636
1699365759.090128, 15636
1699365760.483089, 15636
1699365761.756897, 15636
1699365763.109991, 15636
1699365764.415116, 15636
1699365765.774915, 15636
1699365767.240216, 15636
1699365768.569264, 15636
1699365769.826816, 15636
1699365771.150514, 15636
1699365772.472826, 15636
1699365773.824907, 15636
1699365775.213069, 15636
1699365776.578667, 15636
1699365778.069219, 15636
1699365779.400763, 15636
1699365780.881756, 15636
1699365782.299495, 15636
1699365783.742584, 15636
1699365785.167815, 15636
1699365786.524158, 15636
1699365787.843977, 15636
1699365789.171498, 15636
1699365790.721080, 15636
1699365792.096313, 15636
1699365793.407103, 15636
1699365794.786705, 15636
1699365796.157787, 15636
1699365797.531266, 15636
1699365798.850551, 15636
1699365800.207995, 15636
1699365801.708094, 15636
1699365803.068634, 15636
1699365804.364442, 15636
1699365805.667061, 15636
1699365807.250088, 15636
1699365808.884991, 15636
