1699028687.640448, 37
1699028689.232687, 70
1699028690.588885, 94
1699028692.099436, 123
1699028693.488016, 151
1699028694.969290, 177
1699028696.455237, 204
1699028697.893856, 232
1699028699.303288, 256
1699028700.688128, 280
1699028702.113357, 305
1699028703.594253, 331
1699028705.002851, 354
1699028706.465420, 376
1699028707.895952, 406
1699028709.260581, 429
1699028710.604837, 450
1699028711.994705, 477
1699028713.427454, 503
1699028714.908212, 534
1699028716.307021, 557
1699028717.791797, 587
1699028719.224065, 610
1699028720.661569, 636
1699028721.997668, 658
1699028723.496157, 689
1699028724.949300, 712
1699028726.411605, 739
1699028727.832687, 763
1699028729.219321, 787
1699028730.622282, 810
1699028732.211048, 840
1699028733.736884, 867
1699028735.637301, 900
1699028737.164561, 933
1699028738.539355, 956
1699028739.983207, 985
1699028741.442527, 1012
1699028742.880962, 1036
1699028744.288895, 1061
1699028745.631130, 1089
1699028746.985079, 1111
1699028748.328178, 1134
1699028749.748540, 1161
1699028751.062151, 1187
1699028752.403013, 1211
1699028753.772640, 1239
1699028755.132855, 1263
1699028756.484827, 1287
1699028757.829129, 1312
1699028759.190732, 1337
1699028760.612017, 1362
1699028761.980542, 1386
1699028763.314164, 1411
1699028764.694358, 1438
1699028766.116455, 1464
1699028767.625236, 1490
1699028769.035879, 1516
1699028770.429928, 1540
1699028771.803662, 1565
1699028773.463461, 1598
1699028775.181695, 1631
1699028776.587531, 1657
1699028778.398645, 1686
1699028779.771664, 1711
1699028781.150629, 1735
1699028782.501346, 1759
1699028784.134604, 1789
1699028785.585298, 1816
1699028787.068520, 1841
1699028788.535942, 1867
1699028790.184978, 1899
1699028791.651814, 1924
1699028792.992625, 1946
1699028794.361190, 1972
1699028795.764388, 1998
1699028797.166240, 2026
1699028798.591309, 2051
1699028799.948018, 2074
1699028801.282222, 2097
1699028802.679731, 2120
1699028804.144267, 2148
1699028805.484566, 2171
1699028807.008991, 2196
1699028808.381105, 2223
1699028809.781995, 2246
1699028811.107783, 2268
1699028812.777798, 2303
1699028814.173894, 2327
1699028815.586190, 2352
1699028817.004005, 2376
1699028818.460431, 2407
1699028819.911871, 2432
1699028821.307804, 2455
1699028822.701638, 2480
1699028824.322675, 2509
1699028825.696252, 2535
1699028827.099517, 2558
1699028828.485854, 2586
1699028829.966891, 2616
1699028831.407219, 2642
1699028832.839241, 2669
1699028834.216388, 2697
1699028835.683549, 2726
1699028837.212414, 2753
1699028838.704989, 2783
1699028840.082821, 2807
1699028841.613270, 2836
1699028843.010232, 2860
1699028844.426763, 2888
1699028845.855815, 2917
1699028847.203724, 2942
1699028848.588124, 2967
1699028850.013383, 2992
1699028851.407686, 3024
1699028852.964086, 3055
1699028854.365757, 3080
1699028855.762965, 3106
1699028857.110308, 3132
1699028858.678367, 3164
1699028860.000567, 3191
1699028861.412929, 3216
1699028862.788924, 3239
1699028864.355736, 3269
1699028865.786466, 3294
1699028867.190751, 3319
1699028868.648432, 3348
1699028870.827526, 3384
1699028872.364487, 3418
1699028873.812886, 3450
1699028875.206111, 3481
1699028876.754894, 3509
1699028878.205361, 3538
1699028879.632969, 3565
1699028881.043234, 3595
1699028882.454675, 3623
1699028883.847402, 3649
1699028885.298702, 3677
1699028886.725940, 3711
1699028888.163141, 3735
1699028889.600406, 3762
1699028890.945327, 3790
1699028892.393071, 3820
1699028893.821621, 3847
1699028895.256956, 3882
1699028896.738083, 3913
1699028898.178369, 3939
1699028899.583689, 3967
1699028900.943995, 3994
1699028902.373746, 4023
1699028903.770791, 4049
1699028906.095356, 4095
1699028907.768821, 4133
1699028909.156214, 4158
1699028911.180088, 4194
1699028912.538244, 4220
1699028914.045629, 4247
1699028915.520546, 4276
1699028916.928624, 4304
1699028918.361620, 4335
1699028919.758208, 4361
1699028921.276208, 4387
1699028922.718081, 4415
1699028925.194162, 4463
1699028926.615258, 4489
1699028928.021479, 4515
1699028929.465298, 4544
1699028930.850438, 4568
1699028932.178918, 4592
1699028933.540828, 4620
1699028934.927413, 4649
1699028936.424472, 4675
1699028937.910849, 4705
1699028939.481596, 4739
1699028942.121437, 4796
1699028943.516679, 4822
1699028945.211466, 4856
1699028946.605697, 4886
1699028948.105408, 4919
1699028949.509957, 4950
1699028950.929917, 4978
1699028952.418218, 5009
1699028953.796818, 5040
1699028955.195900, 5070
1699028956.638065, 5100
1699028958.019963, 5133
1699028959.380473, 5166
1699028960.834678, 5192
1699028962.366037, 5222
1699028963.880367, 5252
1699028965.277552, 5285
1699028966.692354, 5317
1699028968.163013, 5347
1699028970.199795, 5391
1699028971.663769, 5417
1699028973.006039, 5442
1699028974.415474, 5468
1699028975.817728, 5494
1699028977.299458, 5526
1699028978.717547, 5552
1699028980.085690, 5575
1699028981.526835, 5613
1699028983.011471, 5642
1699028984.411647, 5667
1699028985.888184, 5699
1699028987.322646, 5728
1699028988.795664, 5760
1699028990.268057, 5790
1699028991.658313, 5822
1699028993.100175, 5852
1699028994.600458, 5878
1699028996.038178, 5905
1699028997.454724, 5940
1699028998.853801, 5968
1699029000.285587, 5994
1699029001.759046, 6032
1699029003.171857, 6061
1699029004.588610, 6087
1699029005.997182, 6122
1699029007.474527, 6151
1699029008.900637, 6175
1699029010.422180, 6205
1699029011.859489, 6232
1699029013.307265, 6259
1699029014.680540, 6285
1699029016.044178, 6313
1699029017.574234, 6337
1699029018.952371, 6366
1699029020.398878, 6396
1699029021.880498, 6425
1699029023.283811, 6453
1699029024.668710, 6477
1699029026.106902, 6507
1699029027.616554, 6539
1699029029.176866, 6571
1699029030.541954, 6599
1699029032.895049, 6646
1699029034.272345, 6674
1699029035.714060, 6703
1699029038.291007, 6764
1699029040.449126, 6813
1699029041.931207, 6847
1699029043.419191, 6879
1699029044.810354, 6905
1699029046.269035, 6929
1699029047.687299, 6957
1699029049.145661, 6982
1699029050.560728, 7008
1699029051.988424, 7033
1699029053.415165, 7065
1699029054.908572, 7092
1699029056.301522, 7119
1699029057.765829, 7146
1699029059.277440, 7172
1699029060.840003, 7198
1699029062.261059, 7222
1699029063.645504, 7248
1699029065.043217, 7273
1699029066.597979, 7302
1699029068.084739, 7329
1699029070.037590, 7363
1699029071.804353, 7396
1699029073.259723, 7422
1699029074.660249, 7447
1699029076.095061, 7473
1699029077.501593, 7500
1699029078.925306, 7524
1699029080.344238, 7552
1699029081.878872, 7578
1699029083.483598, 7606
1699029084.916627, 7632
1699029086.382420, 7660
1699029087.830420, 7692
1699029089.351347, 7718
1699029090.834977, 7746
1699029092.207668, 7767
1699029093.633499, 7796
1699029095.067694, 7824
1699029096.599313, 7850
1699029098.037055, 7880
1699029099.500278, 7905
1699029100.936072, 7931
1699029102.354817, 7955
1699029103.799011, 7981
1699029105.264387, 8008
1699029106.754990, 8034
1699029108.284496, 8061
1699029109.715554, 8086
1699029111.209205, 8111
1699029113.784603, 8160
1699029115.381478, 8189
1699029116.974927, 8215
1699029118.605758, 8238
1699029120.094208, 8268
1699029123.122755, 8322
1699029124.530082, 8345
1699029126.419439, 8378
1699029128.430903, 8414
1699029130.359691, 8449
1699029132.000615, 8478
1699029134.076700, 8520
1699029136.062122, 8555
1699029137.906074, 8587
1699029139.587384, 8617
1699029141.221891, 8648
1699029143.125931, 8686
1699029145.182819, 8730
1699029146.848223, 8758
1699029148.329311, 8789
1699029149.758841, 8813
1699029151.236243, 8845
1699029152.926159, 8869
1699029155.086671, 8909
1699029156.978397, 8944
1699029158.553900, 8972
1699029160.074554, 9006
1699029161.548846, 9034
1699029163.010457, 9059
1699029164.459232, 9086
1699029165.965610, 9120
1699029167.369923, 9144
1699029168.830669, 9170
1699029170.678553, 9208
1699029172.803814, 9246
1699029174.709183, 9279
1699029176.586556, 9316
1699029178.254468, 9349
1699029180.063162, 9384
1699029182.184248, 9419
1699029183.604640, 9445
1699029185.117257, 9471
1699029186.560532, 9497
1699029188.009981, 9523
1699029189.522899, 9553
1699029191.419662, 9589
1699029193.133801, 9621
1699029194.618655, 9645
1699029196.022136, 9670
1699029197.503894, 9696
1699029198.839940, 9719
1699029200.257126, 9747
1699029201.693015, 9772
1699029203.129673, 9798
1699029204.566421, 9828
1699029205.996386, 9854
1699029207.477214, 9879
1699029208.984946, 9906
1699029210.495563, 9934
1699029212.053342, 9972
1699029213.466976, 9995
1699029214.907082, 10022
1699029216.401743, 10051
1699029217.843594, 10083
1699029219.309830, 10114
1699029220.787218, 10140
1699029222.376379, 10171
1699029223.808767, 10194
1699029225.312330, 10221
1699029226.733707, 10249
1699029228.277044, 10276
1699029229.704872, 10306
1699029231.124073, 10330
1699029232.702434, 10360
1699029234.149243, 10386
1699029235.538420, 10411
1699029237.044992, 10436
1699029238.708717, 10468
1699029240.204736, 10493
1699029241.665177, 10520
1699029243.067652, 10544
1699029244.544595, 10572
1699029245.985964, 10598
1699029247.545541, 10626
1699029249.056858, 10660
1699029250.569711, 10686
1699029252.097948, 10711
1699029253.603434, 10738
1699029254.973201, 10763
1699029256.466886, 10792
1699029257.918491, 10819
1699029259.498420, 10848
1699029260.967204, 10874
1699029262.422660, 10904
1699029263.890990, 10933
1699029265.532604, 10963
1699029268.567405, 11019
1699029269.985170, 11049
1699029271.471384, 11074
1699029273.023823, 11104
1699029274.444550, 11130
1699029275.965541, 11160
1699029278.204115, 11204
1699029279.634663, 11238
1699029281.120363, 11265
1699029282.518239, 11296
1699029284.000132, 11324
1699029285.534496, 11350
1699029287.011715, 11377
1699029288.504217, 11408
1699029289.953245, 11432
1699029291.783899, 11470
1699029293.380968, 11501
1699029296.487031, 11564
1699029297.959958, 11590
1699029299.422673, 11614
1699029301.006982, 11648
1699029302.585053, 11677
1699029303.979251, 11701
1699029305.470026, 11728
1699029306.886016, 11760
1699029308.373010, 11788
1699029309.881937, 11817
1699029311.565030, 11847
1699029313.089442, 11874
1699029315.497333, 11918
1699029317.032438, 11946
1699029318.560662, 11975
1699029320.023522, 11999
1699029321.520792, 12026
1699029323.012392, 12058
1699029324.485401, 12088
1699029325.978097, 12108
1699029327.403908, 12135
1699029328.881937, 12164
1699029330.361411, 12193
1699029331.991573, 12222
1699029333.395365, 12251
1699029334.903307, 12279
1699029336.457302, 12308
1699029337.949602, 12335
1699029339.400507, 12370
1699029342.129982, 12419
1699029343.826913, 12448
1699029345.333497, 12474
1699029346.856745, 12509
1699029348.401282, 12536
1699029349.934172, 12564
1699029351.540148, 12596
1699029353.089069, 12623
1699029354.648809, 12649
1699029356.886378, 12695
1699029358.357411, 12720
1699029359.904453, 12749
1699029361.331473, 12775
1699029362.822877, 12801
1699029364.612128, 12830
1699029367.182358, 12884
1699029368.662866, 12910
1699029370.131531, 12937
1699029371.577679, 12962
1699029373.083363, 12994
1699029374.600213, 13021
1699029376.006289, 13051
1699029377.457310, 13077
1699029378.961843, 13107
1699029380.415606, 13140
1699029383.334546, 13207
1699029387.799159, 13304
1699029389.330288, 13334
1699029390.905693, 13361
1699029394.156026, 13430
1699029395.665098, 13460
1699029397.245025, 13489
1699029398.774285, 13523
1699029400.334091, 13558
1699029401.909695, 13595
1699029403.392665, 13631
1699029404.940577, 13661
1699029406.482400, 13690
1699029407.976449, 13717
1699029409.481821, 13746
1699029411.114948, 13776
1699029414.045408, 13835
1699029415.592485, 13867
1699029417.345568, 13896
1699029418.780358, 13925
1699029420.530110, 13956
1699029422.054977, 13984
1699029423.464905, 14011
1699029426.431376, 14067
1699029427.899183, 14092
1699029429.423909, 14121
1699029430.839528, 14147
1699029432.450806, 14178
1699029433.865221, 14205
1699029435.360605, 14234
1699029436.871743, 14261
1699029438.403601, 14289
1699029439.925463, 14316
1699029441.625852, 14353
1699029443.059794, 14377
1699029445.212151, 14419
1699029449.723883, 14500
1699029451.142887, 14529
1699029452.697241, 14554
1699029454.166095, 14582
1699029455.682430, 14608
1699029457.082829, 14636
1699029458.704821, 14667
1699029460.580118, 14701
1699029462.069709, 14731
1699029463.661868, 14759
1699029465.151792, 14786
1699029466.679814, 14818
1699029468.324578, 14850
1699029469.790945, 14883
1699029471.217929, 14917
1699029472.757524, 14948
1699029474.302088, 14981
1699029475.899046, 15013
1699029477.334525, 15046
1699029478.764922, 15076
1699029480.483171, 15112
1699029482.057767, 15140
1699029483.584607, 15172
1699029485.048720, 15196
1699029486.590075, 15227
1699029488.092457, 15261
1699029489.555235, 15291
1699029491.023461, 15319
1699029492.614367, 15348
1699029494.167501, 15380
1699029495.725621, 15405
1699029497.242733, 15432
1699029498.699224, 15461
1699029500.274442, 15489
1699029501.845851, 15522
1699029504.024858, 15565
1699029505.554666, 15593
1699029507.148968, 15619
1699029508.628182, 15654
1699029510.138773, 15684
1699029511.593672, 15714
1699029513.084085, 15742
1699029514.830886, 15778
1699029516.311966, 15807
1699029517.815361, 15840
1699029519.374185, 15867
1699029520.870546, 15894
1699029522.409132, 15920
1699029523.863763, 15946
1699029525.380269, 15974
1699029526.854950, 16005
1699029528.336397, 16031
1699029529.903667, 16060
1699029531.455689, 16085
1699029532.976512, 16113
1699029535.198927, 16144
1699029537.758962, 16198
1699029540.588874, 16253
1699029542.054381, 16282
1699029543.705235, 16314
1699029545.207744, 16343
1699029546.622338, 16368
1699029548.177523, 16399
1699029549.707956, 16431
1699029551.249368, 16465
1699029553.469305, 16505
1699029555.114910, 16536
1699029558.203107, 16594
1699029559.672657, 16622
1699029561.128653, 16650
1699029562.619205, 16676
1699029564.041498, 16707
1699029565.603808, 16735
1699029566.980436, 16762
1699029568.475241, 16789
1699029570.567185, 16825
1699029572.101220, 16853
1699029573.656246, 16883
1699029575.140675, 16912
1699029576.696647, 16940
1699029578.300937, 16970
1699029579.880742, 16999
1699029581.418885, 17028
1699029582.945551, 17059
1699029584.521766, 17085
1699029585.940254, 17112
1699029587.455170, 17137
1699029589.008090, 17167
1699029590.413332, 17195
1699029591.951697, 17223
1699029593.552925, 17254
1699029595.081352, 17282
1699029596.604020, 17306
1699029598.061282, 17332
1699029599.567325, 17360
1699029601.141205, 17388
1699029603.814160, 17419
1699029605.930140, 17477
1699029607.507664, 17512
1699029609.052459, 17542
1699029610.594669, 17567
1699029612.117372, 17594
1699029613.632812, 17621
1699029615.174765, 17654
1699029616.674496, 17677
1699029618.167387, 17708
1699029620.422518, 17750
1699029621.918290, 17778
1699029623.366122, 17804
1699029625.122910, 17835
1699029626.605856, 17863
1699029628.128883, 17889
1699029629.659859, 17916
1699029631.084499, 17943
1699029632.619125, 17972
1699029634.127552, 18002
1699029635.752717, 18036
1699029637.409139, 18066
1699029638.973235, 18098
1699029640.561268, 18125
1699029642.125758, 18156
1699029645.856457, 18225
1699029647.470871, 18258
1699029649.061718, 18285
1699029650.492872, 18311
1699029651.950544, 18343
1699029653.712052, 18372
1699029655.209955, 18406
1699029656.710405, 18435
1699029658.530599, 18466
1699029660.105125, 18493
1699029661.607141, 18518
1699029663.983385, 18561
1699029665.515169, 18588
1699029667.130803, 18619
1699029668.615873, 18647
1699029671.739399, 18707
1699029674.827367, 18764
1699029676.445743, 18796
1699029678.007716, 18828
1699029680.943486, 18878
1699029682.468954, 18909
1699029684.004318, 18938
1699029687.177512, 19000
1699029688.671677, 19028
1699029690.300110, 19058
1699029695.133870, 19152
1699029696.719861, 19181
1699029698.183125, 19206
1699029699.811476, 19236
1699029701.373694, 19264
1699029702.922310, 19292
1699029704.384870, 19319
1699029705.920408, 19349
1699029707.460385, 19377
1699029708.998583, 19411
1699029710.736330, 19443
1699029712.432581, 19474
1699029713.874214, 19503
1699029715.400860, 19530
1699029717.025136, 19556
1699029718.606766, 19590
1699029720.114364, 19616
1699029724.579215, 19700
1699029726.063409, 19729
1699029727.575914, 19757
1699029730.631659, 19816
1699029732.208313, 19847
1699029733.991765, 19879
1699029735.499689, 19907
1699029736.968823, 19934
1699029738.608392, 19966
